Algoritme,Route,Stability
Lookahead,"[1, 1, 2, 1, 1, -2, -1, -2, -2, -2, -1, 2, 2, -1, -1, -2, -2, -1, 2, 2, 2, -1, -2, -2, -1, -1, -2, 1, 1, -2, -2, 1, 2, 1, -2]",20.0
Lookahead,"[-2, -1, -2, -1, -1, 2, 1, 2, 2, 2, -1, -2, -1, -1, -2, -2, -2, 1, -2, -1, -1, -2, 1, 1, 1, -2, -2, -1, 2, -1, -1, -2, 1, -2, -1]",12.0
Lookahead,"[-2, 1, 1, 2, 2, 1, -2, -2, -2, -1, -2, -1, 2, -1, -2, -1, 2, -1, -2, -2, -2, 1, 2, 1, 1, -2, -2, 1, 1, 1, 2, 1, -2, 1, 1]",13.0
Lookahead,"[1, 1, 2, 1, 1, -2, -1, -2, 1, -2, -1, -1, 2, -1, -1, -2, 1, -2, -1, -1, -1, 2, 1, 2, -1, -1, 2, 1, 1, 2, 1, 2, -1, 2, 1]",19.0
Lookahead,"[-2, -1, 2, -1, -1, -2, 1, -2, -2, -2, 1, 2, 2, 1, -2, 1, 1, -2, -1, -1, -2, 1, 1, -2, -2, -2, 1, 2, 2, 2, 1, 2, -1, 2, 1]",19.0
Lookahead,"[-1, -2, -2, 1, 1, -2, -1, -1, -2, -1, 2, 2, 2, 2, 2, -1, -2, -2, -1, 2, 2, -1, -2, -2, -1, -2, -2, 1, 2, 1, 1, -2, -1, -2, -1]",19.0
Lookahead,"[1, 2, 2, -1, -1, 2, 1, 1, 1, -2, 1, -2, -1, -2, -2, 1, 2, 1, -2, 1, -2, -1, -1, -1, -2, -2, -1, 2, 2, 2, -1, -2, -2, -1, -2]",13.0
Lookahead,"[2, 2, 1, 2, 2, -1, -2, -1, -2, -1, -1, 2, 1, 2, 1, 2, -1, -1, 2, 1, 1, 2, -1, -1, 2, -1, -1, -2, 1, -2, -1, -2, 1, -2, -1]",16.0
Lookahead,"[2, 1, 1, 2, 2, -1, -2, -1, -1, -1, 2, 1, 2, 2, 2, 1, -2, -2, 1, 2, 2, 2, -1, -1, -1, -1, -2, -2, 1, -2, -1, -1, 2, -1, -2]",17.0
Lookahead,"[-1, -1, -1, -2, -2, 1, 2, 1, -2, -2, 1, 2, 2, 1, 2, 2, 1, -2, -2, -2, -2, 1, 2, 2, 2, 2, 1, -2, -2, -2, 1, -2, -1, -2, -1]",14.0
Lookahead,"[1, -2, -1, -2, -2, 1, 2, 1, 2, 1, 1, -2, -1, -2, -1, -2, 1, -2, -1, -2, -2, -1, 2, 2, -1, -1, 2, 2, 2, 2, 2, -1, -2, -2, -1]",15.0
Lookahead,"[-2, -2, -2, 1, 1, 2, -1, 2, 2, 1, 2, 1, 2, 1, 1, 2, -1, -1, 2, 1, 1, 1, -2, -2, -2, -2, -1, 2, -1, -2, -1, -2, 1, -2, 1]",17.0
Lookahead,"[1, 1, 1, 2, 2, -1, -2, -1, -1, 2, -1, 2, 1, 2, 2, 1, -2, -2, 1, 2, 2, 2, -1, -1, -1, -1, -2, 1, -2, -1, -2, -1, 2, 2, 2]",17.0
Lookahead,"[-1, 2, 2, -1, -1, -2, 1, -2, -2, -1, 2, -1, -1, -2, -1, -1, 2, 1, 2, -1, 2, -1, -2, -2, -1, -1, -2, 1, 1, -2, -2, 1, 2, 1, 1]",19.0
Lookahead,"[-1, -1, -1, -2, -2, 1, 2, 1, -2, -2, 1, 1, 2, -1, 2, 1, 1, -2, 1, 2, 1, 2, -1, -1, -1, 2, -1, -1, -1, -1, -1, 2, 1, 1, 2]",19.0
Lookahead,"[2, 2, -1, 2, 2, 1, -2, 1, 1, 1, -2, -1, -1, -2, -2, 1, -2, -2, -1, 2, -1, -2, -2, 1, -2, -2, 1, 2, 2, 1, 1, 2, -1, 2, 1]",19.0
Lookahead,"[1, 2, 2, -1, -1, 2, 1, 1, 1, 1, -2, -2, -1, -2, 1, 1, -2, -1, -2, -1, -2, 1, 1, 2, 1, 1, 2, -1, 2, 2, 2, 1, -2, 1, -2]",12.0
Lookahead,"[-2, -1, -2, -1, -1, 2, 1, 2, -1, 2, 2, 1, -2, 1, 2, 2, 2, 1, -2, -2, -2, 1, 2, 2, 2, 2, 2, -1, -2, -1, 2, -1, -2, -1, 2]",14.0
Lookahead,"[2, -1, 2, -1, -1, -2, 1, -2, -1, -2, -2, 1, 2, 1, 1, -2, 1, 2, 1, -2, -2, 1, 2, 2, 2, 2, 1, -2, -2, -2, -2, 1, 2, 2, 2]",14.0
Lookahead,"[2, 1, -2, 1, 1, 2, -1, 2, -1, -1, 2, 1, 1, 2, 2, 1, -2, -2, 1, 2, 1, 2, -1, 2, 1, 2, -1, -1, -2, -1, 2, -1, -2, -2, -2]",20.0
Lookahead,"[1, 2, 1, 2, 2, -1, -2, -1, -2, -1, -1, 2, 1, 2, 1, 2, -1, -1, 2, 1, 1, 2, -1, -1, 2, -1, -1, -2, 1, -2, -1, -2, 1, -2, -2]",16.0
Lookahead,"[-1, -2, -2, 1, 1, -2, -1, -1, -1, -1, 2, 2, 1, 2, 2, -1, -1, 2, 1, 1, 2, 1, -2, -2, 1, 1, 1, 2, -1, 2, 1, 2, -1, 2, 2]",12.0
Lookahead,"[1, 2, -1, 2, 2, 1, -2, 1, -2, -2, 1, 2, 2, 2, 2, 1, -2, -2, 1, 2, 2, 2, -1, -1, -1, -1, 2, 1, 1, 1, 2, 1, -2, 1, 1]",19.0
Lookahead,"[2, -1, -1, -2, -2, -1, 2, 2, 2, 2, 1, 1, -2, 1, 2, 2, 1, -2, -2, 1, 1, 2, -1, 2, 2, -1, -1, -1, -2, -1, -1, 2, 1, 2, 1]",14.0
Lookahead,"[2, 2, 2, -1, -1, -2, 1, -2, -1, -2, -1, -2, -2, -1, -2, 1, 1, 2, 1, -2, -2, 1, 2, 2, 1, 1, 2, -1, 2, 2, 1, 2, -1, 2, 1]",17.0
Lookahead,"[1, 2, 1, 2, 2, -1, -2, -1, -1, -1, 2, 2, 1, -2, 1, 2, 2, -1, 2, 1, 2, 1, -2, -2, 1, 1, -2, -2, -2, -2, 1, -2, -1, -1, -2]",19.0
Lookahead,"[2, 2, 2, -1, -1, -2, 1, -2, -2, -1, -1, -1, -1, -2, -1, -1, 2, 1, 2, -1, 2, -1, -2, -2, -1, -2, -2, 1, 1, 1, -2, 1, 2, 1, 2]",19.0
Lookahead,"[2, 1, 2, 1, 1, -2, -1, -2, -2, -2, 1, 2, 2, 1, 2, 1, 1, -2, -1, -2, -2, 1, 2, 1, 2, 1, -2, -2, -1, -2, -1, -2, 1, -2, -2]",13.0
Lookahead,"[2, 2, -1, 2, 2, 1, -2, 1, -2, -2, 1, 2, 2, 1, 2, 2, -1, -2, -1, 2, -1, 2, 1, 1, 1, 1, 1, -2, -1, -2, 1, -2, -1, -2, 1]",21.0
Lookahead,"[-1, -1, 2, -1, -1, -2, 1, -2, 1, -2, -2, -1, 2, -1, 2, -1, -2, -1, 2, -1, -1, -2, 1, -2, -1, -2, 1, 1, 2, 1, 1, -2, -1, -2, -2]",16.0
Lookahead,"[2, -1, -1, -2, -2, -1, 2, 2, 2, 2, 1, -2, 1, 2, 2, 1, -2, -2, 1, 2, 2, 1, -2, -2, -2, 1, 1, 2, -1, 2, 2, 1, -2, 1, 1]",19.0
Lookahead,"[2, 1, 1, 2, 2, -1, -2, -1, 2, -1, -1, -2, 1, -2, -1, -1, -2, 1, 1, -2, -2, -1, 2, -1, -1, 2, 2, 2, 1, 2, -1, 2, 1, 1, 2]",14.0
Lookahead,"[1, -2, 1, -2, -2, -1, 2, -1, -2, -1, -1, 2, -1, 2, 2, -1, -2, -2, -2, -1, -1, 2, 1, 2, 2, -1, 2, 1, 1, 1, 2, 1, -2, 1, 2]",18.0
Lookahead,"[2, 1, -2, 1, 1, 2, -1, 2, 1, 2, -1, -1, -2, -1, 2, -1, -2, -1, 2, 2, 2, 1, -2, 1, 2, 2, 1, -2, -2, 1, 2, 1, -2, 1, 1]",19.0
Lookahead,"[-2, -2, -2, 1, 1, 2, -1, 2, 1, 2, 1, 2, 1, 2, 1, -2, -2, -1, -2, 1, 1, -2, -1, -1, -1, -2, -2, -1, -1, -1, -1, -2, 1, -2, 1]",18.0
Lookahead,"[-1, -1, -1, 2, 2, 1, -2, 1, 2, 1, 1, 1, 2, 1, 1, 2, -1, -1, -1, 2, 2, 1, -2, 1, 1, 1, 1, -2, -1, -2, 1, -2, -1, -2, -2]",18.0
Lookahead,"[2, -1, 2, -1, -1, -2, 1, -2, -2, -2, -1, 2, -1, -1, -1, 2, 1, 1, 2, -1, -1, -1, -2, -2, -1, -1, -2, 1, 1, 1, -2, 1, 2, 1, -2]",19.0
Lookahead,"[-1, -1, -2, -1, -1, 2, 1, 2, 1, 2, 2, -1, -2, -1, -2, -1, 2, 2, -1, -2, -2, -1, 2, 2, 2, 1, 2, 1, -2, 1, 2, 1, -2, 1, 2]",14.0
Lookahead,"[-1, -1, -2, -1, -1, 2, 1, 2, -1, 2, 1, 1, -2, 1, 1, 1, 2, -1, 2, 1, 2, 1, -2, -2, -2, 1, 1, 2, -1, 2, 1, 2, -1, 2, -1]",19.0
Lookahead,"[1, 1, -2, 1, 1, 2, -1, 2, 2, -1, -2, -1, 2, -1, 2, 2, 1, -2, 1, 2, 2, 1, -2, -2, 1, 1, 2, 2, 2, -1, 2, -1, -2, -1, 2]",16.0
Lookahead,"[-2, 1, 2, 1, 1, -2, -1, -2, 1, -2, -1, -1, 2, -1, -2, -2, -1, 2, 2, -1, -1, -2, 1, -2, -2, 1, -2, 1, 2, 1, 1, -2, -1, -2, 1]",19.0
Lookahead,"[-1, -2, -2, -1, -1, 2, 1, 2, 2, -1, 2, -1, 2, -1, 2, 2, 1, -2, 1, 2, 1, 2, -1, -1, 2, 2, -1, -2, -2, -1, -1, -2, 1, -2, -2]",19.0
Lookahead,"[-2, -2, -1, -2, -2, 1, 2, 1, 1, 2, 1, 2, 1, 1, 1, -2, -1, -1, -2, 1, 1, 1, 2, 2, 1, 2, 2, -1, -2, -1, 2, -1, -2, -1, -1]",19.0
Lookahead,"[-2, -2, 1, -2, -2, -1, 2, -1, -2, -1, 2, 2, 1, 2, -1, 2, 1, 2, -1, 2, 2, 1, -2, 1, 2, 1, 1, -2, -1, -2, -2, 1, 2, 1, 2]",18.0
Lookahead,"[1, 1, -2, 1, 1, 2, -1, 2, 2, -1, 2, -1, -2, -1, -1, -2, -1, 2, -1, -2, -2, -1, 2, 2, -1, -1, 2, 1, 1, 1, 2, 1, -2, 1, 2]",14.0
Lookahead,"[-2, 1, -2, 1, 1, 2, -1, 2, -1, 2, 1, 1, -2, 1, -2, -2, -2, 1, 2, 2, 2, 1, -2, -2, 1, 1, -2, -1, -1, -2, -2, -1, 2, -1, -2]",15.0
Lookahead,"[-2, -2, -2, -1, -1, 2, 1, 2, -1, -1, 2, 1, 1, 2, 2, 1, -2, 1, 2, 1, 2, -1, -1, -1, -1, -2, -1, 2, -1, -2, -1, -2, 1, 1, 1]",12.0
Lookahead,"[-1, 2, -1, 2, 2, 1, -2, 1, 1, 1, 2, 2, -1, -2, -1, 2, 2, 1, 2, -1, -1, 2, 1, 1, 1, 2, 2, -1, -2, -1, 2, -1, -2, -1, 2]",19.0
Lookahead,"[-1, -2, -1, -2, -2, 1, 2, 1, 1, 1, -2, -1, -1, -2, 1, -2, -1, -1, 2, -1, -2, -2, 1, 1, -2, -2, 1, 2, 2, 1, 1, 2, -1, 2, 1]",15.0
Lookahead,"[-2, 1, -2, 1, 1, 2, -1, 2, 2, 2, 1, -2, 1, 1, 1, -2, -1, -1, -2, 1, 1, -2, -1, -1, -2, -1, -2, -1, 2, -1, -2, -1, 2, 2, -1]",18.0
Lookahead,"[2, 2, 2, -1, -1, -2, 1, -2, -2, -1, -1, -1, 2, 2, 2, 1, 2, -1, -1, -2, -1, -2, 1, -2, -2, -2, -1, 2, 2, -1, -2, -1, 2, 2, 2]",13.0
Lookahead,"[-2, 1, 1, -2, -2, -1, 2, -1, -2, -2, -1, 2, 2, 2, 2, -1, -2, -2, -1, 2, -1, 2, 1, 2, 1, 1, 1, 1, -2, 1, 1, 2, -1, 2, -1]",19.0
Lookahead,"[1, -2, -2, 1, 1, 2, -1, 2, 2, 2, 1, -2, 1, 1, 1, -2, -1, -1, -2, 1, 1, -2, -1, -1, -2, -1, -2, -1, 2, -1, -2, -1, 2, -1, 2]",18.0
Lookahead,"[-1, -1, 2, -1, -1, -2, 1, -2, 1, 1, -2, -1, -1, -1, -2, -2, 1, 2, 1, -2, -2, 1, 2, 2, 1, -2, 1, 1, 2, 2, 2, -1, -2, -1, 2]",17.0
Lookahead,"[1, 1, -2, 1, 1, 2, -1, 2, 1, 2, -1, -1, -2, -1, -1, -1, 2, 1, 2, 2, 2, -1, -2, -2, -1, -2, -2, -2, 1, -2, 1, -2, -1, -2, 1]",18.0
Lookahead,"[-1, -1, -1, -2, -2, 1, 2, 1, -2, 1, 1, 1, 1, 2, 2, 1, -2, -2, -2, -1, -1, -2, 1, 1, 1, 1, -2, -1, -1, -1, -1, -2, 1, -2, -2]",18.0
Lookahead,"[2, 1, 2, 1, 1, -2, -1, -2, -2, -2, 1, 2, 2, 1, 1, 2, -1, 2, 1, 2, 2, 1, -2, -2, 1, 1, -2, -1, -1, -2, -2, -1, -1, -2, -2]",15.0
Lookahead,"[1, -2, -2, -1, -1, -2, 1, 1, -2, 1, 2, 2, 2, 1, 1, 2, -1, -1, 2, 1, 1, 2, -1, -1, -1, -1, 2, 1, 1, 1, 2, 1, -2, 1, 1]",19.0
Lookahead,"[1, 2, 2, 1, 1, -2, -1, -2, -2, -2, 1, 1, 2, -1, 2, 1, 1, -2, 1, 2, 1, 2, -1, -1, 2, 2, -1, -1, -1, -1, 2, -1, -2, -2, -1]",19.0
Lookahead,"[1, -2, -2, -1, -1, -2, 1, 1, -2, 1, 2, 2, 2, 1, 1, 2, -1, -1, 2, 1, 1, 1, -2, -2, 1, -2, -2, -1, 2, -1, -1, -2, 1, -2, 1]",19.0
Lookahead,"[-1, -2, 1, -2, -2, -1, 2, -1, -1, 2, -1, 2, 1, 2, 2, 1, 1, -2, 1, 2, 2, 1, -2, -2, 1, -2, -2, -2, -1, -2, 1, -2, -1, -2, 1]",11.0
Lookahead,"[2, 1, 1, 2, 2, -1, -2, -1, 2, -1, -1, -2, 1, -2, -1, -2, 1, -2, -1, -1, -1, 2, 1, 2, -1, -1, 2, 1, 1, 2, -1, 2, 1, 1, 2]",14.0
Lookahead,"[-1, -2, 1, -2, -2, -1, 2, -1, -1, -1, 2, 1, 1, 2, 2, -1, -2, -1, 2, -1, 2, 1, 1, 1, 1, 2, 2, -1, -2, -1, -1, 2, 1, 2, 1]",19.0
Lookahead,"[2, -1, -1, -2, -2, -1, 2, 2, -1, 2, 1, 1, 1, 2, 1, 2, 1, 1, -2, 1, -2, 1, 2, 1, 2, 2, -1, -2, -1, 2, 2, -1, -2, -1, -1]",12.0
Lookahead,"[2, 1, 1, 2, 2, -1, -2, -1, 2, -1, -1, -2, -2, -2, -2, 1, 1, -2, -1, -1, -2, -1, 2, 2, 2, 2, -1, -2, -2, -2, -2, -1, 2, 2, 2]",13.0
Lookahead,"[1, -2, 1, -2, -2, -1, 2, -1, -2, -1, -1, 2, -1, 2, -1, -1, -2, 1, -2, -1, -2, -1, 2, 2, 2, -1, 2, 1, 1, 1, 2, 1, -2, 1, -2]",19.0
Lookahead,"[-1, -2, -1, -2, -2, 1, 2, 1, 2, 1, -2, -2, -1, -2, -2, -2, -2, -1, 2, 2, 2, -1, -2, -2, -1, -2, -2, 1, 1, 1, -2, 1, 2, 2, 1]",14.0
Lookahead,"[-1, -1, -1, 2, 2, 1, -2, 1, 2, 2, 1, 1, -2, 1, -2, -2, -1, -2, 1, -2, -2, 1, 2, 2, 1, 2, 2, 2, -1, 2, 2, 1, -2, 1, 1]",11.0
Lookahead,"[-1, -2, -1, -2, -2, 1, 2, 1, 2, 1, -2, 1, 1, 2, 1, -2, -2, -1, -2, 1, 1, 2, 2, 2, 1, 2, 2, -1, -2, -1, 2, -1, -2, -1, 2]",19.0
Lookahead,"[2, 2, -1, 2, 2, 1, -2, 1, 2, 1, -2, -2, -1, -2, 1, 1, -2, -2, -1, -2, -1, -2, 1, -2, -2, 1, 2, 2, 2, 1, 1, 2, -1, 2, 2]",17.0
Lookahead,"[2, 1, -2, 1, 1, 2, -1, 2, 1, 2, -1, -1, -2, -1, -1, 2, -1, -1, -2, 1, -2, -1, -1, 2, -1, 2, 1, 2, 1, 1, 2, 1, -2, 1, 2]",19.0
Lookahead,"[1, 1, -2, 1, 1, 2, -1, 2, 2, -1, -1, -1, -1, -2, -1, 2, 2, 1, 2, 1, 1, 2, -1, -1, 2, -1, -1, -2, 1, -2, -1, -2, -2, -1, 2]",18.0
Lookahead,"[2, 2, 2, 1, 1, -2, -1, -2, -2, 1, -2, 1, 1, 2, 1, 1, -2, -1, -2, 1, -2, 1, 2, 2, 1, 1, 2, -1, -1, 2, 2, -1, -2, -1, 2]",19.0
Lookahead,"[-2, -2, -1, -2, -2, 1, 2, 1, 1, 1, 2, -1, -1, 2, 2, 2, 1, -2, 1, 2, 2, 1, -2, -2, -2, 1, 1, 2, -1, 2, 2, 1, -2, 1, 2]",19.0
Lookahead,"[2, 2, 2, 1, 1, -2, -1, -2, 1, -2, -2, -2, 1, 2, 1, 1, -2, -1, -2, -1, -1, -2, 1, 1, -2, 1, 1, 2, -1, 2, 1, 2, 2, 1, 2]",19.0
Lookahead,"[2, -1, 2, -1, -1, -2, 1, -2, -1, -2, -2, 1, 2, 1, 1, 1, -2, -1, -2, 1, 1, -2, -1, -1, -2, -1, -1, 2, 1, 2, -1, -1, -1, -2, -1]",13.0
Lookahead,"[1, -2, 1, -2, -2, -1, 2, -1, -2, -1, -1, 2, 2, 2, 2, 1, 1, 2, -1, -1, 2, -1, -2, -2, -2, -1, -1, 2, 1, 2, -1, 2, 1, 2, -1]",13.0
Lookahead,"[-2, -2, -2, -1, -1, 2, 1, 2, 2, -1, -1, -1, -2, -2, -1, -1, 2, 1, 2, -1, -1, 2, 1, 1, 2, 1, 2, -1, -1, -1, -1, 2, 1, 1, 2]",16.0
Lookahead,"[2, 1, 1, 2, 2, -1, -2, -1, 2, -1, -1, -2, -2, -2, -2, 1, -2, -1, -2, 1, 1, -2, -1, -1, -1, -1, 2, 1, 2, 2, -1, 2, 1, 2, 2]",14.0
Lookahead,"[-2, -1, -1, -2, -2, 1, 2, 1, 1, -2, 1, -2, -2, -2, -2, -1, 2, 2, -1, -2, -2, -2, 1, 1, -2, -2, 1, 2, 2, 2, 1, 2, -1, 2, 1]",19.0
Lookahead,"[-2, -1, 2, -1, -1, -2, 1, -2, 1, -2, -2, -1, 2, -1, 2, -1, -2, -1, 2, -1, -2, -2, 1, 1, -2, -2, -2, -1, 2, 2, -1, -1, 2, 2, -1]",13.0
Lookahead,"[1, 1, -2, 1, 1, 2, -1, 2, -1, 2, 1, 1, 2, 1, 2, 2, -1, -2, -1, 2, -1, 2, 1, 1, 2, 1, 1, -2, -2, -2, 1, -2, -1, -2, -1]",19.0
Lookahead,"[2, -1, 2, -1, -1, -2, 1, -2, 1, -2, -1, -1, 2, -1, -2, -2, -1, 2, 2, 2, 2, -1, -2, -2, -2, -1, -1, 2, 1, 2, 2, -1, -2, -1, 2]",14.0
Lookahead,"[-2, -2, -2, 1, 1, 2, -1, 2, 2, 2, 1, -2, 1, 1, 1, -2, -1, -1, -2, 1, 1, -2, -1, -1, -2, -2, -1, -1, 2, -1, -1, 2, 2, 2, -1]",18.0
Lookahead,"[-2, 1, 1, -2, -2, -1, 2, -1, -1, -2, -2, -2, -2, 1, -2, -1, -1, 2, -1, -2, -2, -1, 2, 2, -1, 2, 2, 1, -2, 1, 1, 2, -1, 2, 1]",18.0
Lookahead,"[2, 1, -2, 1, 1, 2, -1, 2, -1, 2, 2, 1, -2, 1, -2, 1, 2, 2, -1, 2, 1, 1, -2, -2, 1, 1, -2, -1, -1, -2, -1, -2, 1, 1, 2]",15.0
Lookahead,"[2, -1, -1, -2, -2, -1, 2, 2, -1, 2, 1, 1, 1, 1, 2, 2, -1, -2, -1, 2, 2, -1, -2, -2, -1, -1, -1, 2, 1, 2, -1, 2, 1, 1, 1]",17.0
Lookahead,"[2, 1, 1, 2, 2, -1, -2, -1, -1, -1, 2, 2, 1, -2, 1, 2, 2, -1, 2, -1, 2, 1, 1, -2, 1, 1, -2, -1, -2, 1, 1, -2, -2, 1, -2]",17.0
Lookahead,"[-1, -1, 2, -1, -1, -2, 1, -2, -1, -2, 1, 1, 2, 1, -2, 1, 1, -2, -1, -1, -1, -2, 1, 1, 1, 1, 1, 2, -1, 2, 1, 2, -1, 2, 2]",19.0
Lookahead,"[1, -2, -2, -1, -1, -2, 1, 1, 1, 1, 2, -1, 2, 1, 2, -1, 2, 1, 1, -2, -2, 1, 2, 2, 2, -1, 2, -1, -2, -1, -1, 2, 1, 2, -1]",15.0
Lookahead,"[2, -1, -1, 2, 2, 1, -2, 1, 2, 2, 1, -2, -2, -2, -2, 1, 2, 2, 1, -2, -2, 1, 2, 2, 2, -1, 2, 2, 2, -1, 2, -1, -2, -2, 1]",17.0
Lookahead,"[2, -1, -2, -1, -1, 2, 1, 2, 1, 2, -1, -1, -2, -1, 2, -1, -2, -1, 2, 2, 2, 1, -2, 1, 2, 2, 1, -2, -2, 1, 1, 2, -1, 2, 1]",14.0
Lookahead,"[-2, 1, 1, -2, -2, -1, 2, -1, -2, -1, -1, 2, 2, 2, 2, 1, 2, -1, 2, 1, 1, 2, -1, -1, 2, 2, -1, -2, -2, -2, -1, -2, 1, -2, -1]",14.0
Lookahead,"[1, 2, 1, 2, 2, -1, -2, -1, -2, -1, -1, 2, 1, 2, 1, 2, -1, -1, 2, 1, 2, 1, -2, 1, 1, 1, -2, -2, -2, -2, -2, 1, 2, 1, 2]",15.0
Lookahead,"[2, 2, 2, 1, 1, -2, -1, -2, -2, -2, 1, 1, 2, -1, 2, 1, 1, -2, 1, 2, 1, 2, -1, -1, -1, 2, 2, -1, -1, -1, 2, -1, -2, -2, -2]",19.0
Lookahead,"[2, 2, 2, 1, 1, -2, -1, -2, -2, 1, 2, 1, -2, -2, -2, 1, 2, 2, 1, -2, -2, -2, -1, -1, -2, -1, -1, 2, 1, 2, 2, -1, -2, -1, 2]",18.0
Lookahead,"[-2, -1, -2, -1, -1, 2, 1, 2, 2, 2, -1, -2, -1, -1, -1, -2, 1, 1, -2, -1, -1, -1, 2, 2, -1, 2, 2, 1, -2, 1, 2, 1, -2, 1, 2]",19.0
Lookahead,"[2, 1, 2, 1, 1, -2, -1, -2, -2, -2, 1, 2, 1, 1, 1, 2, -1, -1, 2, 1, 2, 1, -2, 1, 1, 1, -2, -1, -1, -2, -2, -1, -1, -1, -2]",19.0
Lookahead,"[-2, 1, 2, 1, 1, -2, -1, -2, -2, -2, -1, 2, 2, -1, -1, -2, -1, 2, -1, -2, -2, -1, 2, 2, -1, 2, 2, 1, -2, 1, 2, 1, -2, 1, 2]",20.0
Lookahead,"[-2, 1, -2, 1, 1, 2, -1, 2, 2, 2, 1, -2, -2, 1, 2, 2, 1, -2, -2, -2, -2, 1, 2, 2, 1, 2, 1, 2, -1, -1, 2, -1, -1, 2, 2]",13.0
Lookahead,"[-2, 1, 1, -2, -2, -1, 2, -1, -2, -2, -1, -1, 2, 1, 2, -1, -1, -2, -1, 2, -1, 2, 1, 1, 2, 2, 1, -2, -2, 1, 2, 2, 2, 2, -1]",19.0
Lookahead,"[1, -2, 1, -2, -2, -1, 2, -1, -1, -1, -2, -2, 1, -2, 1, 1, 2, 1, -2, -2, -2, -1, 2, -1, -1, -1, -2, 1, 1, -2, -1, -2, 1, 1, -2]",12.0
Lookahead,"[-1, -2, -2, -1, -1, 2, 1, 2, 2, 2, -1, -2, -1, -1, -1, -2, 1, 1, -2, -1, -1, -1, 2, 2, 2, -1, -1, -2, 1, -2, -1, -2, 1, -2, 1]",18.0
Lookahead,"[2, 1, -2, 1, 1, 2, -1, 2, 1, 2, -1, -1, -2, -1, -1, 2, 1, 2, -1, -1, -1, -2, 1, -2, -1, -2, -2, 1, 2, 1, -2, -2, 1, 1, 1]",19.0
Lookahead,"[1, 2, -1, 2, 2, 1, -2, 1, 2, 1, -2, -2, -1, -2, 1, -2, -2, 1, 2, 1, 1, 2, -1, -1, 2, 1, 1, 2, 1, 1, 1, 2, -1, -1, -1]",17.0
Lookahead,"[-2, 1, 1, 2, 2, 1, -2, -2, 1, -2, -1, -1, -1, -1, -1, -2, 1, 1, -2, -1, -1, -2, 1, 1, -2, -2, 1, 2, 2, 2, 2, 1, -2, -2, 1]",19.0
Lookahead,"[-2, 1, 1, -2, -2, -1, 2, -1, -2, -1, -1, 2, 2, 2, 2, 1, 2, -1, -1, -2, -1, -2, 1, -2, -2, -1, -1, -2, -1, 2, 2, -1, -2, -1, -1]",12.0
Lookahead,"[-1, 2, 2, -1, -1, -2, 1, -2, -1, -2, -2, 1, 1, 1, -2, -2, -1, 2, -1, -2, -2, -1, 2, 2, -1, -1, -2, -1, -1, -2, 1, -2, -1, -1, -2]",16.0
Lookahead,"[-2, -1, -2, -1, -1, 2, 1, 2, -1, 2, 2, 1, 1, 1, 2, 2, -1, -2, -1, 2, 2, -1, -2, -2, -1, -2, -1, 2, 2, -1, -2, -1, 2, 2, 1]",16.0
Lookahead,"[1, -2, -1, -2, -2, 1, 2, 1, 2, 2, 1, -2, -2, -2, 1, 1, 2, -1, 2, 1, 1, 2, -1, -1, 2, 2, 2, 1, -2, 1, -2, 1, 2, 1, -2]",17.0
Lookahead,"[1, 2, 1, 2, 2, -1, -2, -1, 2, -1, -1, -2, -2, -2, -2, 1, -2, -2, -1, 2, -1, 2, 2, 2, 2, 2, -1, -2, -2, -2, -2, -1, 2, 2, 2]",13.0
Lookahead,"[2, -1, -1, 2, 2, 1, -2, 1, 1, 1, 2, -1, -1, 2, 2, 1, 1, 2, -1, -1, -1, 2, 1, 1, 2, 2, 1, -2, -2, 1, 1, -2, -1, -2, -2]",15.0
Lookahead,"[1, 2, 1, 2, 2, -1, -2, -1, -1, -1, 2, 1, 2, 2, 2, 1, -2, -2, 1, 2, 2, 2, -1, -1, 2, 2, -1, -2, -2, -2, -1, -2, 1, -2, -1]",19.0
Lookahead,"[-2, -1, 2, -1, -1, -2, 1, -2, -1, -2, 1, 1, 2, 1, 1, -2, 1, 2, 1, -2, 1, -2, -1, -1, -1, -2, -2, 1, 2, 1, -2, 1, 2, 1, 1]",19.0
Lookahead,"[-1, -2, -1, -2, -2, 1, 2, 1, 1, 1, -2, -1, -1, -2, -2, -1, 2, -1, -2, -2, -2, 1, 2, 1, -2, 1, 1, 2, -1, 2, 2, 1, -2, 1, 2]",15.0
Lookahead,"[-1, -2, -2, 1, 1, -2, -1, -1, -2, -1, 2, 2, 2, 2, -1, -1, -2, 1, -2, -1, -2, -1, 2, 2, -1, 2, 1, 2, 1, 1, 2, 1, -2, 1, 2]",20.0
Lookahead,"[1, 1, 2, 1, 1, -2, -1, -2, -2, -1, -1, -1, -1, 2, 2, -1, -2, -2, -2, 1, 1, -2, -1, -1, -1, -1, 2, 1, 2, 2, -1, 2, 1, 2, 1]",19.0
Lookahead,"[-2, -2, 1, -2, -2, -1, 2, -1, 2, -1, -2, -2, -2, -2, 1, 1, 1, 2, 1, -2, -2, -1, -1, -1, -2, -2, -1, 2, 2, -1, -1, 2, 1, 2, -1]",13.0
Lookahead,"[-2, 1, 1, -2, -2, -1, 2, -1, -2, -2, -1, 2, 2, -1, 2, -1, 2, 2, 1, -2, 1, 2, 2, -1, -1, 2, 2, 1, -2, 1, 2, 1, -2, 1, -2]",13.0
Lookahead,"[-1, -1, -1, 2, 2, 1, -2, 1, 2, 2, 1, -2, 1, 1, -2, -2, -2, -1, -2, 1, 1, 2, 2, 2, 1, 2, -1, 2, -1, -1, 2, 1, 2, 1, -2]",11.0
Lookahead,"[-2, 1, 1, -2, -2, -1, 2, -1, -1, -2, -1, -2, 1, -2, -2, 1, 2, 2, 1, -2, -2, 1, 2, 2, 1, 1, 2, 2, -1, 2, 1, 2, -1, 2, 1]",18.0
Lookahead,"[-2, 1, -2, 1, 1, 2, -1, 2, -1, 2, 1, 1, 1, 1, 2, 2, -1, -2, -1, 2, 2, -1, -2, -2, -1, -1, 2, -1, -2, -2, -2, -1, 2, -1, 2]",16.0
Lookahead,"[-2, -2, -2, -1, -1, 2, 1, 2, 2, -1, -2, -1, -1, -2, -1, 2, 2, 1, 2, -1, -1, -2, -2, -2, -1, -1, -2, 1, 1, 1, -2, 1, 2, 1, 2]",19.0
Lookahead,"[1, 1, 2, 1, 1, -2, -1, -2, -2, -2, -1, 2, 2, -1, -1, -2, -1, 2, -1, -2, -2, -1, 2, 2, 2, 1, 2, 1, 1, 1, 2, 1, 1, 1, 2]",18.0
Lookahead,"[1, 2, 1, 2, 2, -1, -2, -1, -1, -1, 2, 2, 1, -2, 1, 2, 2, -1, 2, 1, 2, 1, -2, -2, -2, 1, 1, 2, -1, 2, 2, 1, -2, 1, 2]",19.0
Lookahead,"[-2, -1, -1, 2, 2, -1, -2, -2, -1, -2, 1, 1, 1, -2, 1, 2, 1, 1, -2, -1, -2, -2, -1, 2, -1, -1, -2, -2, 1, 1, -2, 1, 2, 1, 2]",13.0
Lookahead,"[2, 2, -1, 2, 2, 1, -2, 1, 2, 1, -2, -2, -1, -2, 1, -2, 1, 2, 1, -2, -2, 1, 2, 2, 2, 2, -1, -2, -1, 2, 2, 1, 2, 1, 1]",17.0
Lookahead,"[2, -1, -1, -2, -2, -1, 2, 2, -1, 2, 1, 1, 1, 2, 1, -2, 1, 2, 2, -1, 2, -1, -2, -1, -1, -1, 2, 1, 1, 2, -1, 2, 1, 1, 1]",14.0
Lookahead,"[-1, 2, 1, 2, 2, -1, -2, -1, -2, -1, -1, 2, 1, 2, 1, 2, 2, -1, -2, -1, -1, 2, 1, 2, -1, 2, 1, 1, -2, 1, 2, 1, -2, 1, 1]",16.0
Lookahead,"[-2, 1, 2, 1, 1, -2, -1, -2, 1, -2, -1, -1, 2, -1, -2, -2, -1, 2, 2, -1, -1, -2, 1, -2, -1, -1, -2, 1, 1, 1, -2, 1, 2, 1, -2]",21.0
Lookahead,"[-2, 1, 2, 1, 1, -2, -1, -2, -1, -2, -2, 1, 2, 1, 2, 1, -2, 1, 2, 2, 2, 1, -2, -2, 1, 1, -2, -1, -1, -2, -2, -1, 2, -1, -2]",16.0
Lookahead,"[-1, -1, 2, -1, -1, -2, 1, -2, -1, -2, 1, 1, 2, 1, -2, 1, -2, -1, -2, 1, 1, -2, -1, -1, -1, -1, 2, 1, 2, -1, -1, -2, -2, -1, -1]",17.0
Lookahead,"[1, 1, 2, 1, 1, -2, -1, -2, -2, -1, -2, -1, -2, -1, -2, 1, 1, 2, 1, -2, -2, 1, 2, 2, 1, 2, 2, -1, 2, 1, 2, 1, -2, 1, 2]",17.0
Lookahead,"[-1, -2, 1, -2, -2, -1, 2, -1, -2, -1, 2, 2, 1, 2, -1, 2, 1, 1, 2, -1, -1, 2, 1, 1, 1, 1, 2, -1, -1, -1, -1, 2, 1, 2, 1]",19.0
Lookahead,"[1, 1, -2, 1, 1, 2, -1, 2, 2, 2, -1, -2, -2, -1, 2, 2, -1, -1, -2, 1, -2, -1, -1, 2, 2, 2, 2, 1, -2, 1, 2, 1, -2, 1, 2]",19.0
Lookahead,"[1, 2, 2, 1, 1, -2, -1, -2, 1, -2, -2, -1, 2, -1, -1, -2, -1, 2, -1, -2, -2, -1, 2, 2, -1, 2, 2, 1, -2, 1, 1, 2, -1, 2, 1]",14.0
Lookahead,"[-1, 2, -1, 2, 2, 1, -2, 1, 2, 1, 1, -2, 1, -2, -2, 1, 2, 2, 1, -2, -2, -2, -1, -1, -1, 2, -1, -2, -1, -1, -1, -2, 1, 1, 1]",16.0
Lookahead,"[-1, 2, 2, 1, 1, 2, -1, -1, 2, -1, -2, -2, -2, -2, -2, -1, 2, 2, -1, -2, -2, -2, 1, 1, 1, 1, -2, -1, -1, -1, -2, -1, 2, -1, -1]",19.0
Lookahead,"[1, -2, -1, -2, -2, 1, 2, 1, -2, 1, 2, 2, -1, 2, 2, 1, -2, 1, 2, 1, 1, -2, -1, -2, 1, -2, -2, -1, 2, -1, -2, -2, -1, -2, 1]",17.0
Lookahead,"[-2, 1, 2, 1, 1, -2, -1, -2, 1, -2, -1, -1, 2, -1, -2, -1, -1, -2, 1, 1, 1, -2, -1, -1, -2, -2, -1, 2, 2, -1, -1, 2, 1, 2, 2]",20.0
Lookahead,"[1, 1, 1, -2, -2, -1, 2, -1, -2, -1, -2, -1, -2, -2, 1, 2, 1, -2, -2, -1, -1, -1, 2, 2, 2, -1, -1, -2, 1, -2, -2, -1, 2, -1, 2]",14.0
Lookahead,"[-2, -2, -2, -1, -1, 2, 1, 2, 2, -1, -2, -1, -1, -2, -1, 2, 2, 1, 2, -1, 2, -1, -2, -2, -2, -2, -1, 2, 2, 2, -1, 2, 1, 2, 1]",18.0
Lookahead,"[-1, -1, -1, 2, 2, 1, -2, 1, 2, 1, 1, 1, -2, -2, -2, -1, -2, 1, 1, 2, 1, 2, -1, 2, 1, 2, 2, 1, -2, 1, 1, -2, -1, -2, 1]",12.0
Lookahead,"[-1, 2, 2, 1, 1, 2, -1, -1, 2, -1, -2, -2, -2, -2, -1, -1, 2, 1, 2, -1, 2, -1, -2, -2, -2, -1, -1, 2, 1, 2, 2, -1, -2, -1, 2]",19.0
Lookahead,"[1, -2, 1, -2, -2, -1, 2, -1, -1, -1, -2, -2, 1, 2, 1, -2, -2, -1, -2, 1, 1, -2, -1, -1, -2, -1, -1, 2, 1, 2, 2, -1, -2, -1, -1]",19.0
Lookahead,"[1, 2, 2, 1, 1, -2, -1, -2, 1, -2, -2, -2, 1, 1, 1, -2, -1, -1, -2, 1, -2, 1, 2, 1, -2, 1, 2, 2, -1, 2, 2, 1, -2, 1, -2]",19.0
Lookahead,"[-1, -2, -2, 1, 1, -2, -1, -1, -2, -1, 2, 2, 2, 2, 2, -1, -2, -2, -1, 2, -1, 2, 1, 2, 2, 1, -2, 1, 1, -2, 1, 2, 1, 2, 2]",17.0
Lookahead,"[2, -1, 2, -1, -1, -2, 1, -2, -1, -2, -2, 1, 1, 1, -2, -2, -1, 2, -1, -2, -1, -2, 1, 1, -2, -2, 1, 2, 2, 1, 1, 2, -1, 2, 1]",19.0
Lookahead,"[-1, -2, 1, -2, -2, -1, 2, -1, -2, -1, 2, 2, 1, 2, 2, 2, 1, -2, 1, 2, 2, 1, -2, -2, 1, -2, -2, -2, -1, -2, -2, 1, 2, 1, 2]",18.0
Lookahead,"[2, 1, 1, 2, 2, -1, -2, -1, 2, -1, -1, -1, -1, -1, 2, 2, 1, -2, 1, 2, 2, 1, -2, -2, 1, 1, 2, 1, 1, -2, 1, -2, -2, -2, -2]",16.0
Lookahead,"[-1, 2, 2, -1, -1, -2, 1, -2, -1, -2, -2, 1, -2, -2, -1, -2, -1, 2, -1, -2, -1, -2, 1, 1, -2, 1, 2, 1, 2, 1, 1, 2, -1, 2, 1]",14.0
Lookahead,"[-1, -2, -2, -1, -1, 2, 1, 2, 2, 2, -1, -1, -2, 1, -2, -1, -1, 2, -1, -2, -1, -2, 1, 1, -2, -2, 1, 1, 1, 1, -2, 1, 2, 1, -2]",19.0
Lookahead,"[1, 1, -2, 1, 1, 2, -1, 2, -1, 2, 2, 1, -2, 1, -2, 1, 2, 1, -2, 1, 1, 2, -1, 2, 2, -1, -1, -1, -1, -1, -1, 2, 1, 1, 1]",13.0
Lookahead,"[-1, -1, 2, -1, -1, -2, 1, -2, -1, -2, 1, 1, 2, 1, 1, -2, -2, 1, 2, 2, 2, 1, -2, -2, 1, 1, -2, -1, -1, -2, -2, -1, 2, -1, -1]",20.0
Lookahead,"[2, 2, 1, 2, 2, -1, -2, -1, -1, -1, -2, 1, 1, -2, -1, -1, -1, -2, 1, 1, 1, -2, -1, -1, -1, -2, -1, 2, 2, 2, -1, 2, 1, 2, 1]",19.0
Lookahead,"[-2, -1, -2, -1, -1, 2, 1, 2, -1, 2, 2, 1, -2, 1, 1, 2, -1, 2, 1, 1, 1, -2, -1, -2, 1, -2, -2, -1, -2, -1, -2, -1, -1, -1, -1]",14.0
Lookahead,"[1, -2, -1, -2, -2, 1, 2, 1, -2, 1, 2, 2, -1, 2, 2, 1, -2, 1, 2, 2, 2, -1, -2, -1, 2, 2, -1, -2, -2, -1, -1, 2, 1, 2, -1]",19.0
Lookahead,"[2, 2, -1, 2, 2, 1, -2, 1, 1, 1, -2, -1, -1, -2, -2, 1, -2, -1, -2, 1, 1, -2, -1, -1, -1, -1, 2, 1, 2, -1, 2, -1, -2, -1, -1]",18.0
Lookahead,"[-1, -2, -2, -1, -1, 2, 1, 2, 2, 2, -1, -2, -2, -1, -1, 2, 2, -1, -2, -2, -2, -1, 2, 2, -1, -1, 2, 1, 1, 2, 2, 1, -2, 1, 2]",15.0
Lookahead,"[-2, -1, 2, -1, -1, -2, 1, -2, -2, -2, 1, 2, 2, 1, -2, 1, 2, 1, -2, -2, -2, -1, 2, -1, -2, -1, -1, -2, -1, 2, -1, 2, 1, 2, 2]",18.0
Lookahead,"[-2, -1, 2, -1, -1, -2, 1, -2, -2, 1, -2, 1, 2, 1, 1, 2, 2, -1, 2, 1, 2, 1, -2, -2, 1, -2, -1, -2, -2, -1, -1, -2, 1, -2, -1]",11.0
Lookahead,"[1, 2, 2, 1, 1, -2, -1, -2, -2, 1, -2, 1, 1, -2, 1, 1, 2, -1, 2, 1, 2, -1, -1, -2, -1, 2, 2, 2, 1, 1, -2, 1, 2, 1, 2]",16.0
Lookahead,"[-1, 2, 2, 1, 1, 2, -1, -1, 2, -1, -2, -2, -2, -1, -2, 1, -2, -2, -1, 2, -1, -2, -2, 1, 1, -2, 1, 2, 2, 1, 1, -2, -1, -2, 1]",13.0
Lookahead,"[1, 1, -2, 1, 1, 2, -1, 2, 1, 2, -1, -1, -2, -1, -1, 2, 1, 2, -1, -1, -1, -2, 1, -2, -2, -2, 1, -2, 1, 1, -2, 1, 2, 1, -2]",20.0
Lookahead,"[-2, -2, 1, -2, -2, -1, 2, -1, -1, -1, 2, 1, 1, 2, -1, 2, -1, -2, -1, 2, -1, 2, 1, 1, 2, 1, 2, -1, -1, -1, -2, -1, 2, -1, 2]",17.0
Lookahead,"[-2, -2, -1, -2, -2, 1, 2, 1, 2, 2, 1, -2, -2, 1, 1, -2, -1, -1, -1, -2, -2, 1, 2, 1, 1, -2, 1, 2, 2, 2, 2, 1, -2, -2, -2]",20.0
Lookahead,"[-1, -2, 1, -2, -2, -1, 2, -1, -2, -1, 2, 2, 1, 2, -1, 2, 2, -1, -2, -2, -2, -1, 2, 2, -1, 2, 1, 2, 1, 1, 1, -2, -2, 1, 1]",20.0
Lookahead,"[-2, 1, 1, 2, 2, 1, -2, -2, -2, -2, -1, 2, -1, -1, -2, -2, -2, -1, 2, 2, -1, 2, 1, 2, 2, 2, -1, -2, -2, -1, -1, -2, 1, -2, -2]",13.0
Lookahead,"[-2, 1, -2, 1, 1, 2, -1, 2, 2, 2, 1, -2, -2, 1, 1, 1, -2, -1, -1, -2, -2, 1, 2, 1, 1, 1, 2, 2, -1, 2, 2, -1, -2, -1, 2]",15.0
Lookahead,"[-2, -2, 1, -2, -2, -1, 2, -1, -2, -1, 2, 2, 1, 2, -1, 2, -1, -1, -2, 1, -2, -1, -1, 2, -1, 2, 2, 1, 1, 1, 2, 1, -2, 1, -2]",19.0
Lookahead,"[-1, -1, -1, 2, 2, 1, -2, 1, 1, 1, 2, 2, -1, -2, -1, 2, 2, 1, 2, -1, 2, -1, -2, -2, -1, -1, -2, -2, -2, -2, -1, -2, 1, 1, -2]",19.0
Lookahead,"[-1, 2, 2, 1, 1, 2, -1, -1, 2, -1, -2, -2, -2, -2, -2, -1, 2, 2, -1, -2, -1, -2, 1, -2, 1, 1, 1, -2, -1, -1, -2, -1, 2, -1, 2]",18.0
Lookahead,"[-1, -1, -1, -2, -2, 1, 2, 1, -2, -2, 1, 2, 2, 1, 1, 2, 1, -2, 1, 2, 1, 2, -1, -1, -1, 2, 2, 1, -2, 1, 2, 1, -2, 1, -2]",14.0
Lookahead,"[-1, -2, -2, 1, 1, -2, -1, -1, -2, -1, 2, 2, 2, 2, -1, -1, -2, 1, -2, -1, -1, -2, 1, 1, -2, -2, -2, -1, 2, 2, -1, -1, 2, -1, -2]",17.0
Lookahead,"[-2, -1, -2, -1, -1, 2, 1, 2, 2, 2, -1, -2, -1, -1, 2, -1, -2, -2, 1, 1, -2, -1, -1, -1, -2, -1, 2, 2, 1, 2, -1, 2, 1, 2, -1]",15.0
Lookahead,"[-2, -2, 1, -2, -2, -1, 2, -1, -2, -1, 2, 2, 1, 2, -1, 2, -1, -2, -1, -2, -1, 2, 2, 1, 2, 1, 2, 1, -2, 1, 2, 1, -2, 1, 1]",17.0
Lookahead,"[1, 2, 2, -1, -1, 2, 1, 1, 2, 1, -2, -2, -2, 1, 1, -2, -1, -1, -2, 1, 1, 1, 2, 2, 2, 2, -1, -2, -1, 2, 2, 1, 1, 1, 1]",17.0
Lookahead,"[1, -2, 1, -2, -2, -1, 2, -1, -1, -1, -2, -2, 1, 2, 1, -2, -2, -1, -2, -1, -1, -2, 1, 1, -2, 1, 1, 2, -1, 2, 1, 2, 2, 1, -2]",19.0
Lookahead,"[1, -2, -1, -2, -2, 1, 2, 1, 1, 1, 2, -1, -1, 2, 2, 2, -1, -2, -1, 2, 2, -1, -2, -2, -1, -2, -2, -2, 1, -2, -2, -1, 2, -1, -1]",18.0
Lookahead,"[1, -2, -2, -1, -1, -2, 1, 1, 1, 2, 1, 2, -1, 2, 1, 2, 2, -1, -2, -1, 2, 2, 1, 1, 2, 1, -2, -2, -2, -2, -2, 1, 2, 1, 1]",14.0
Lookahead,"[-2, -2, -2, 1, 1, 2, -1, 2, 1, 2, 2, 2, 1, 1, 1, -2, -1, -1, -2, 1, -2, 1, 2, 1, -2, 1, 2, 2, -1, 2, 2, -1, -1, 2, 2]",19.0
Lookahead,"[1, -2, -2, -1, -1, -2, 1, 1, 1, 2, 1, 2, -1, 2, 2, 1, 2, -1, 2, 1, 2, 1, -2, -2, 1, -2, 1, 2, 2, -1, 2, 1, 2, 1, -2]",12.0
Lookahead,"[-2, 1, -2, 1, 1, 2, -1, 2, 1, 2, 2, -1, 2, -1, 2, 1, 1, -2, 1, 2, 2, -1, -1, -1, -1, 2, 2, 1, -2, 1, 2, 1, -2, 1, 1]",18.0
Lookahead,"[-2, -1, -2, -1, -1, 2, 1, 2, -1, 2, 2, 1, -2, 1, 1, 2, -1, 2, 1, 1, 1, -2, -1, -2, -2, -2, 1, 2, 2, 1, 1, 2, -1, 2, 2]",14.0
Lookahead,"[-1, 2, 2, -1, -1, -2, 1, -2, -1, -2, -2, 1, -2, -2, -1, -1, -1, -2, 1, 1, 1, 1, 2, 2, 1, 2, 1, -2, -2, -2, 1, -2, -1, -2, 1]",11.0
Lookahead,"[-2, -1, -2, -1, -1, 2, 1, 2, 2, 2, -1, -2, -1, -1, -2, -2, -2, 1, -2, 1, -2, 1, 2, 1, -2, -2, 1, 2, 2, 1, 2, 1, -2, -2, 1]",11.0
Lookahead,"[1, -2, -2, 1, 1, 2, -1, 2, 2, 2, 1, -2, -2, 1, 2, 1, -2, -2, -1, -2, -2, -1, -1, -1, -2, -2, -1, 2, 2, 2, 2, -1, -2, -1, -1]",14.0
Lookahead,"[-1, 2, 2, -1, -1, -2, 1, -2, -2, -2, -1, -1, 2, 1, 2, -1, -1, -2, -1, 2, 2, -1, -2, -2, -2, -1, -1, 2, 1, 2, 2, -1, -2, -1, 2]",19.0
Lookahead,"[-2, -1, -2, -1, -1, 2, 1, 2, 2, 2, -1, -1, -2, -1, -2, -2, 1, -2, -1, -2, 1, 1, 1, 1, -2, 1, 1, 2, -1, 2, 1, 1, 2, 2, -1]",11.0
Lookahead,"[-2, -2, -2, -1, -1, 2, 1, 2, -1, -1, 2, 1, 1, 2, -1, -1, 2, 1, 1, 1, 1, 2, -1, -1, -1, -1, 2, 1, 1, 1, 1, 2, -1, -1, 2]",14.0
Lookahead,"[2, 2, 2, 1, 1, -2, -1, -2, 1, 1, -2, -1, -1, -2, -2, 1, -2, -1, -1, 2, 2, -1, -2, -2, -2, -1, -1, 2, 1, 2, 2, -1, -2, -1, 2]",14.0
Lookahead,"[2, -1, 2, -1, -1, -2, 1, -2, -2, -2, -1, -1, 2, -1, 2, 2, 1, 2, -1, -1, -1, -2, 1, -2, -1, -1, -2, 1, 1, -2, -1, -2, 1, 1, 2]",13.0
Lookahead,"[2, 2, 2, -1, -1, -2, 1, -2, -2, -1, -2, -1, 2, -1, 2, 2, 2, 1, 2, -1, -1, 2, 1, 1, 2, 2, 1, -2, -2, 1, 1, 2, -1, 2, 1]",11.0
Lookahead,"[-1, 2, -1, 2, 2, 1, -2, 1, -2, 1, 2, 2, 1, 1, -2, -1, -2, 1, 1, 2, 1, 2, -1, 2, 2, -1, 2, -1, -2, -1, -2, -1, 2, 2, -1]",12.0
Lookahead,"[-1, -1, 2, -1, -1, -2, 1, -2, 1, -2, -1, -1, 2, -1, 2, 2, -1, -2, -2, -2, -2, -1, 2, 2, 2, -1, -1, -2, 1, -2, -2, -1, 2, -1, -2]",14.0
Lookahead,"[-2, -1, -2, -1, -1, 2, 1, 2, 1, 2, 2, -1, -2, -1, -2, -1, 2, -1, 2, 1, 1, 2, -1, -1, -1, -2, -2, -2, 1, -2, -2, -1, 2, -1, 2]",15.0
Lookahead,"[1, 1, 1, 2, 2, -1, -2, -1, 2, 2, -1, -1, -2, -1, -2, -2, 1, -2, -1, -2, -1, 2, 2, 2, 2, 2, -1, -2, -2, -2, -2, -1, 2, -1, -2]",12.0
Lookahead,"[2, -1, -1, 2, 2, 1, -2, 1, 2, 2, 1, -2, -2, -2, -2, 1, 2, 2, 1, -2, -2, -2, -1, -1, -1, -2, -2, 1, 2, 1, -2, 1, 2, 1, 1]",19.0
Lookahead,"[2, -1, 2, -1, -1, -2, 1, -2, -2, -2, -1, -1, 2, 1, 2, -1, -1, -2, -1, 2, -1, 2, 1, 1, 1, 2, 2, 1, 1, 1, 1, 2, -1, -1, 2]",19.0
Lookahead,"[-1, 2, 2, -1, -1, -2, 1, -2, -2, -2, -1, 2, -1, -1, -1, 2, 1, 1, 2, -1, -1, 2, 1, 1, 2, 1, 2, 1, -2, 1, 1, 2, -1, 2, -1]",18.0
Lookahead,"[1, -2, -1, -2, -2, 1, 2, 1, -2, 1, 2, 2, -1, 2, 1, 2, 1, 1, -2, -1, -2, 1, 1, 2, 1, 1, 2, -1, -1, 2, 2, -1, -2, -1, 2]",19.0
Lookahead,"[-1, 2, 2, 1, 1, 2, -1, -1, -1, -1, -2, -2, 1, -2, -1, -2, 1, -2, 1, -2, -2, -1, 2, -1, -2, -1, 2, 2, 2, 2, 2, -1, -2, -2, -1]",13.0
Lookahead,"[1, -2, 1, -2, -2, -1, 2, -1, 2, -1, -1, -2, 1, -2, 1, -2, -1, -2, 1, 1, 1, -2, -1, -1, -2, -2, -1, 2, 2, -1, -1, 2, 1, 2, 2]",16.0
Lookahead,"[2, -1, -1, 2, 2, 1, -2, 1, 1, 2, -1, 2, -1, -1, 2, 2, 1, -2, 1, 2, 1, 2, -1, -1, -1, -1, 2, 1, 1, 1, 1, 2, -1, 2, 1]",18.0
Lookahead,"[-2, -2, -1, -2, -2, 1, 2, 1, 1, 2, 2, 2, 2, -1, 2, 1, 1, -2, 1, 2, 1, 2, -1, -1, 2, 2, -1, -2, -2, -1, -1, -2, -2, -1, -2]",19.0
Lookahead,"[-1, -2, 1, -2, -2, -1, 2, -1, -1, 2, -1, 2, 1, 2, 2, 1, 1, -2, 1, 2, 1, 2, -1, -1, -1, -1, 2, 1, 1, 1, 1, 2, -1, -1, -1]",12.0
Lookahead,"[1, 1, 2, 1, 1, -2, -1, -2, -2, -2, -1, 2, 2, -1, -1, -1, -2, 1, -2, -1, -1, -2, 1, 1, 1, 1, -2, -1, -1, -1, -1, -2, 1, 1, 1]",19.0
Lookahead,"[2, 2, 1, 2, 2, -1, -2, -1, -1, -1, -2, 1, 1, -2, -1, -1, -2, 1, -2, -2, -2, -1, 2, 2, -1, -1, 2, 1, 2, -1, -1, 2, 1, 2, 1]",18.0
Lookahead,"[-2, -2, 1, -2, -2, -1, 2, -1, -2, -1, 2, 2, 1, 2, -1, 2, 1, 2, -1, -1, -1, -2, 1, -2, -2, -2, -1, 2, 2, -1, -1, -2, 1, -2, -1]",19.0
Lookahead,"[1, 1, 2, 1, 1, -2, -1, -2, -2, -1, 2, -1, -2, -2, -1, -1, 2, 1, 2, -1, 2, -1, -2, -2, -1, -1, -2, 1, 1, -2, -2, 1, 2, 1, 1]",19.0
Lookahead,"[-2, -1, -2, -1, -1, 2, 1, 2, 2, 2, -1, -1, -2, -1, -2, -2, 1, -2, -1, -1, -1, 2, 1, 2, -1, -1, 2, 1, 1, 2, -1, 2, 1, 1, 1]",13.0
Lookahead,"[2, 1, 1, -2, -2, 1, 2, 2, 1, 2, -1, -1, -1, 2, -1, 2, -1, -2, -1, 2, 2, -1, -2, -2, -2, -1, -1, 2, 1, 2, 2, -1, -2, -1, -1]",14.0
Lookahead,"[-1, -1, 2, -1, -1, -2, 1, -2, -1, -2, 1, 1, 2, 1, 1, 1, -2, -1, -2, -2, -2, 1, 2, 2, 1, 1, 2, -1, 2, 2, -1, 2, 1, 1, -2]",18.0
Lookahead,"[1, 1, 2, 1, 1, -2, -1, -2, -2, -1, -2, -1, -2, -2, -2, -1, 2, 2, -1, -2, -2, -1, 2, 2, -1, 2, 2, 1, -2, 1, 1, 2, -1, 2, -1]",18.0
Lookahead,"[-2, 1, -2, 1, 1, 2, -1, 2, 2, 2, 1, -2, 1, 1, 1, -2, -1, -1, -2, 1, 1, -2, -1, -1, -2, -1, -2, -1, 2, -1, -2, -1, 2, 2, -1]",18.0
Lookahead,"[-2, -1, -1, 2, 2, -1, -2, -2, -2, 1, -2, 1, 2, 1, 1, 1, 1, -2, -1, -1, -1, -2, 1, 1, -2, -2, 1, 2, 2, 1, 1, 2, -1, 2, 2]",15.0
Lookahead,"[-2, -1, -1, -2, -2, 1, 2, 1, 1, 1, -2, -1, -2, -2, -1, -1, -1, 2, -1, 2, -1, 2, 1, 2, 2, 2, 1, -2, 1, 2, 2, 1, -2, 1, 2]",11.0
Lookahead,"[2, -1, 2, -1, -1, -2, 1, -2, -2, -2, -1, -1, 2, -1, 2, 2, 1, 2, -1, -1, -1, -2, 1, -2, -1, -1, -2, 1, 1, -2, -1, -2, 1, 1, 2]",13.0
Lookahead,"[2, 1, 1, 2, 2, -1, -2, -1, -1, 2, -1, 2, 1, 2, 2, 1, -2, -2, 1, 2, 2, 1, -2, -2, 1, 1, -2, -1, -2, -2, 1, -2, -1, -2, -2]",18.0
Lookahead,"[1, -2, -1, -2, -2, 1, 2, 1, 2, 2, 1, -2, -2, -2, 1, 1, 2, -1, 2, 1, 1, 2, -1, -1, 2, 1, 2, 1, 1, 2, 2, 1, -2, 1, -2]",17.0
Lookahead,"[-1, -1, 2, -1, -1, -2, 1, -2, -1, -2, 1, 1, 2, 1, -2, 1, 1, -2, -1, -1, -1, -2, 1, 1, -2, -2, 1, 2, 2, 1, 1, 2, -1, 2, 1]",20.0
Lookahead,"[-1, -1, -1, -2, -2, 1, 2, 1, 1, -2, -1, -2, 1, -2, -2, 1, 2, 2, 1, -2, -2, 1, 2, 2, 2, 2, 1, -2, -2, -2, -2, 1, 2, 2, 2]",18.0
Lookahead,"[-1, 2, -1, 2, 2, 1, -2, 1, 1, 1, 2, -1, -1, 2, 1, 2, -1, -1, 2, 1, 1, 2, -1, -1, -1, -2, -1, -2, 1, -2, -1, -2, -2, -1, -1]",13.0
Lookahead,"[-2, 1, 2, 1, 1, -2, -1, -2, 1, -2, -1, -1, 2, -1, -1, -1, 2, 1, 2, -1, 2, -1, -2, -2, -2, -2, -1, 2, 2, 2, 2, -1, -2, -1, -2]",19.0
Lookahead,"[2, 1, 1, 2, 2, -1, -2, -1, -1, 2, 2, 2, -1, -1, 2, 2, 1, -2, 1, 2, 1, 2, -1, -1, -1, 2, 2, 1, -2, 1, 2, 1, -2, 1, 1]",18.0
Lookahead,"[-2, -2, 1, -2, -2, -1, 2, -1, -2, -1, 2, 2, 1, 2, -1, 2, 2, -1, -2, -1, -1, -2, 1, 1, -2, -2, -2, -1, 2, -1, -1, -2, 1, -2, -2]",17.0
Lookahead,"[2, 2, 1, 2, 2, -1, -2, -1, -1, -2, -2, -2, -2, 1, -2, -1, -1, 2, -1, -2, -2, -1, 2, 2, 2, 2, -1, -2, -2, -2, -2, -1, 2, 2, -1]",18.0
Lookahead,"[-1, -2, -2, -1, -1, 2, 1, 2, 2, -1, 2, -1, 2, 2, 1, -2, 1, 2, 1, -2, 1, -2, -1, -2, 1, 1, -2, -2, -1, -2, 1, -2, -1, -1, -1]",13.0
Lookahead,"[-1, -1, 2, -1, -1, -2, 1, -2, -2, -2, 1, 2, 2, 1, -2, -2, 1, 2, 1, 1, 1, -2, -1, -1, -2, -1, -2, -1, 2, -1, -2, -1, 2, -1, 2]",18.0
Lookahead,"[-1, 2, -1, 2, 2, 1, -2, 1, 2, 1, 1, -2, -2, -2, 1, 1, 2, -1, 2, 1, 1, 2, -1, -1, 2, 2, 2, 1, -2, 1, 1, 2, -1, 2, -1]",16.0
Lookahead,"[2, 2, -1, 2, 2, 1, -2, 1, 1, 1, -2, -1, -1, -2, -2, -2, 1, 2, 1, 1, 1, -2, -1, -1, -2, -1, -2, -1, 2, -1, 2, -1, -2, -2, 1]",18.0
Lookahead,"[2, 1, -2, 1, 1, 2, -1, 2, 2, 2, -1, -2, -2, -1, -1, -1, 2, 1, 2, -1, 2, -1, -2, -2, -1, -1, -2, 1, 1, -2, -2, 1, 2, 1, -2]",20.0
Lookahead,"[2, 1, -2, 1, 1, 2, -1, 2, 2, 2, -1, -2, -2, -1, -1, 2, 1, 2, -1, 2, 2, 1, -2, 1, 1, 1, 2, -1, -1, 2, -1, 2, 1, 2, 2]",18.0
Lookahead,"[2, -1, 2, -1, -1, -2, 1, -2, -2, -2, -1, 2, -1, -1, -1, 2, 1, 1, 2, -1, 2, -1, -2, -1, -1, -2, -2, -2, 1, 1, -2, 1, 2, 1, -2]",18.0
Lookahead,"[1, -2, -2, 1, 1, 2, -1, 2, 2, 2, 1, 1, -2, 1, -2, -2, -1, -2, 1, -2, -1, -1, -1, -1, -2, 1, 1, 1, 1, 1, 1, 2, -1, 2, 1]",12.0
Lookahead,"[-1, -2, 1, -2, -2, -1, 2, -1, -2, -1, 2, 2, 1, 2, -1, -1, 2, 1, 2, 1, 1, 2, -1, -1, -1, -1, -1, -2, 1, -2, -1, -2, 1, -2, -1]",18.0
Lookahead,"[2, -1, -2, -1, -1, 2, 1, 2, 1, 2, 2, -1, -2, -1, -2, -1, 2, 2, 1, 2, -1, -1, -2, -2, -1, -1, -2, 1, 1, -2, -1, -2, 1, -2, -1]",15.0
Lookahead,"[1, -2, 1, -2, -2, -1, 2, -1, -1, -1, -2, 1, 1, -2, -2, -1, 2, -1, -2, -1, -1, -2, 1, 1, -2, -2, 1, 2, 2, 1, -2, 1, 2, 1, -2]",15.0
Lookahead,"[1, 2, -1, 2, 2, 1, -2, 1, 1, -2, -2, -2, 1, 1, 1, -2, -1, -1, -2, 1, 1, -2, -1, -1, -2, -1, -1, 2, 1, 2, 2, -1, -2, -1, 2]",18.0
Lookahead,"[2, 1, 1, -2, -2, 1, 2, 2, 2, 2, -1, -2, -1, -1, -1, 2, 1, 1, 2, -1, 2, -1, -2, -1, -2, -1, -1, 2, 1, 2, -1, 2, 1, 2, 2]",18.0
Lookahead,"[2, 2, 2, -1, -1, -2, 1, -2, -2, -1, -2, -1, -2, -1, -2, 1, 1, 2, 1, -2, -2, -1, -1, -1, -2, -1, -1, 2, 1, 2, -1, 2, 1, 2, 2]",19.0
Lookahead,"[-1, 2, 2, 1, 1, 2, -1, -1, 2, -1, -2, -2, -2, -1, -1, -2, 1, 1, -2, -1, -2, -1, 2, -1, 2, -1, 2, 2, 1, 1, 1, 2, -1, 2, 1]",18.0
Lookahead,"[1, 2, 1, 2, 2, -1, -2, -1, -2, -1, 2, 2, 2, 2, -1, -1, -2, 1, -2, -1, -2, -1, 2, 2, -1, -1, 2, 1, 1, 2, 2, 1, -2, 1, 2]",19.0
Lookahead,"[-1, -1, -1, -2, -2, 1, 2, 1, -2, -2, 1, 2, 2, 1, 1, -2, 1, 2, 1, -2, -2, 1, 2, 2, 2, 2, -1, -2, -1, -1, -1, 2, 1, 2, 1]",14.0
Lookahead,"[-1, -1, -1, 2, 2, 1, -2, 1, 1, 1, 2, -1, -1, 2, 2, 1, 2, 2, -1, -2, -1, 2, 2, 1, 2, 2, 1, -2, -2, 1, 1, -2, -1, -2, 1]",14.0
Lookahead,"[2, 1, 2, 1, 1, -2, -1, -2, -2, -2, 1, 2, 1, 1, 1, 2, -1, -1, 2, 1, 1, 1, -2, -2, -2, -1, -2, -1, 2, -1, -2, -1, -1, -2, 1]",17.0
Lookahead,"[2, 1, -2, 1, 1, 2, -1, 2, 2, -1, 2, -1, -1, -2, -2, -1, 2, 2, -1, -2, -1, -2, 1, -2, -1, -2, 1, 1, 2, 1, -2, -2, 1, -2, -1]",18.0
Lookahead,"[-2, -2, 1, -2, -2, -1, 2, -1, 2, -1, -2, -2, -2, -2, -1, -1, 2, 1, 2, -1, -1, 2, 1, 1, 2, -1, 2, 1, 2, 1, 1, 2, -1, 2, 2]",16.0
Lookahead,"[-1, 2, -1, 2, 2, 1, -2, 1, 1, 1, 2, -1, -1, 2, 2, 2, 1, -2, -2, 1, 1, 2, -1, 2, 2, 2, -1, -1, -2, -1, -1, -2, 1, -2, -2]",15.0
Lookahead,"[1, 1, -2, 1, 1, 2, -1, 2, -1, 2, 2, 1, -2, 1, -2, 1, 2, 2, -1, 2, 2, 1, -2, 1, -2, 1, -2, -2, -1, -2, 1, -2, -1, -1, -2]",14.0
Lookahead,"[-2, 1, 1, -2, -2, -1, 2, -1, -1, -2, -2, -2, -1, -2, -1, -1, 2, 1, 2, -1, 2, -1, -2, -2, -2, -2, -2, 1, 2, 1, -2, 1, 2, 1, -2]",19.0
Lookahead,"[-2, 1, 2, 1, 1, -2, -1, -2, -2, -1, -1, -1, 2, -1, -1, 2, 1, 1, 2, -1, -1, 2, 1, 1, 2, 1, 1, 1, -2, 1, 1, 2, -1, 2, -1]",17.0
Lookahead,"[-1, -1, -2, -1, -1, 2, 1, 2, 1, 2, -1, -1, 2, -1, 2, 1, 1, -2, 1, 2, 1, 2, -1, -1, 2, 2, -1, -2, -2, -1, -1, -2, -2, -1, -1]",19.0
Lookahead,"[1, 2, 1, 2, 2, -1, -2, -1, -1, -1, 2, 1, 2, 2, 2, 1, -2, -2, 1, 2, 2, 2, -1, -1, 2, 2, -1, -2, -2, -2, -1, -2, 1, -2, -1]",19.0
Lookahead,"[-1, -1, -1, 2, 2, 1, -2, 1, 2, 1, 2, 1, 1, 1, 1, 2, -1, -1, 2, 1, 2, 1, -2, 1, 1, 1, -2, -1, -1, -2, -2, 1, 2, 1, 1]",19.0
Lookahead,"[-2, 1, 2, 1, 1, -2, -1, -2, -1, -2, -2, 1, 2, 1, 2, 1, -2, 1, 2, 2, 2, 1, -2, -2, 1, -2, -1, -2, -1, -1, -1, -2, 1, 1, 1]",15.0
Lookahead,"[1, 1, 2, 1, 1, -2, -1, -2, 1, -2, -1, -1, 2, -1, -1, -1, -2, 1, -2, -1, -2, -1, 2, 2, 2, 2, -1, -2, -2, -2, -1, -2, 1, -2, -2]",19.0
Lookahead,"[2, 1, 1, 2, 2, -1, -2, -1, 2, -1, -1, -1, -1, -2, -2, -1, 2, 2, -1, -2, -1, -2, 1, -2, -2, 1, 1, 1, 2, 2, 2, 1, -2, -2, 1]",17.0
Lookahead,"[-2, -2, -1, -2, -2, 1, 2, 1, -2, 1, 2, 2, -1, 2, 2, 1, -2, 1, 2, 1, 2, -1, -1, -1, -1, 2, 2, 1, -2, 1, 1, 2, -1, 2, 1]",19.0
Lookahead,"[1, 2, 1, 2, 2, -1, -2, -1, -1, -1, 2, 1, 1, 2, 2, 1, 2, 2, -1, -2, -1, -2, -2, -1, -1, -1, 2, 1, 1, 2, -1, 2, 1, 2, 1]",12.0
Lookahead,"[2, -1, 2, -1, -1, -2, 1, -2, -1, -2, -2, 1, 2, 1, 1, -2, -1, -2, 1, 1, 1, 2, -1, 2, 1, 1, 2, -1, -1, 2, 1, 2, -1, 2, -1]",14.0
Lookahead,"[-1, -2, 1, -2, -2, -1, 2, -1, -1, -1, 2, 1, 1, 2, 2, -1, -2, -1, 2, -1, -1, 2, 1, 1, 2, 2, 1, -2, -2, 1, 1, 2, -1, 2, 2]",20.0
Lookahead,"[-2, -2, -2, 1, 1, 2, -1, 2, 1, 2, 2, 2, 2, 2, 2, 1, -2, -2, 1, 2, 1, 2, -1, 2, 2, 2, -1, -2, -2, -1, 2, -1, -2, -2, -1]",19.0
Lookahead,"[1, 1, -2, 1, 1, 2, -1, 2, 2, -1, -2, -1, -1, -1, -1, 2, 1, 1, 2, -1, -1, -1, -2, -2, -1, -2, -2, 1, 2, 1, 1, -2, -1, -2, -2]",18.0
Lookahead,"[-1, -2, -1, -2, -2, 1, 2, 1, -2, 1, 1, 2, 2, 2, 2, -1, 2, 1, 2, -1, 2, -1, -2, -2, -2, -1, -1, 2, 1, 2, -1, 2, 1, 2, -1]",13.0
Lookahead,"[-1, 2, -1, 2, 2, 1, -2, 1, 2, 1, 1, -2, -2, -2, -2, -1, -2, 1, -2, -1, -1, -2, 1, 1, 1, 2, 2, 2, 2, 2, 2, 1, -2, -2, 1]",13.0
Lookahead,"[1, 2, 2, 1, 1, -2, -1, -2, 1, 1, -2, -1, -1, -1, -2, -2, 1, 2, 1, -2, -2, 1, 2, 2, 1, 1, 1, -2, -1, -2, -2, 1, 2, 1, 2]",17.0
Lookahead,"[-2, 1, 1, -2, -2, -1, 2, -1, -1, -2, -1, -2, 1, -2, 1, 1, 1, 2, 1, -2, 1, -2, -1, -1, -1, -1, -2, 1, 1, 1, 1, -2, -1, -1, -1]",12.0
Lookahead,"[-2, 1, 2, 1, 1, -2, -1, -2, -2, -1, -1, -1, -1, 2, -1, -2, -2, 1, -2, -1, -1, 2, 2, 2, 2, -1, -1, -2, 1, -2, -2, -1, 2, -1, -2]",18.0
Lookahead,"[-2, -1, -1, -2, -2, 1, 2, 1, -2, -2, 1, 1, 2, 2, 2, 1, -2, -2, 1, 2, 2, 1, -2, -2, 1, -2, -2, -1, 2, -1, -1, -2, 1, -2, -1]",18.0
Lookahead,"[-1, -2, -1, -2, -2, 1, 2, 1, -2, 1, 1, 2, 2, 2, 2, -1, 2, 1, 1, -2, 1, -2, -1, -2, -2, 1, -2, 1, -2, -2, -2, -1, 2, -1, -2]",12.0
Lookahead,"[2, 1, -2, 1, 1, 2, -1, 2, 1, 2, -1, -1, -2, -1, -1, 2, -1, -2, -1, 2, 2, -1, -2, -2, -2, -2, 1, 2, 1, 1, -2, -2, -2, 1, -2]",18.0
Lookahead,"[1, 1, 1, -2, -2, -1, 2, -1, -2, -2, -1, 2, 2, -1, -2, -2, -1, 2, 2, -1, -1, -2, 1, -2, -2, -2, 1, 2, 1, -2, 1, -2, -1, -2, -2]",14.0
Lookahead,"[-1, 2, -1, 2, 2, 1, -2, 1, -2, 1, 2, 2, -1, 2, 2, -1, -2, -1, 2, 2, 2, 1, -2, 1, 1, 1, -2, -1, -2, 1, -2, 1, 2, 1, 2]",14.0
Lookahead,"[2, 1, 1, -2, -2, 1, 2, 2, 1, 2, -1, -1, -1, 2, -1, 2, -1, -1, -2, -1, -2, -1, 2, 2, -1, 2, 1, 1, 1, 1, 1, 1, -2, 1, 1]",12.0
Lookahead,"[-1, -2, -1, -2, -2, 1, 2, 1, 2, 1, 1, -2, -1, -2, -1, -2, -2, 1, 2, 1, 1, -2, -1, -2, -2, -2, -1, 2, 2, -1, -1, 2, 2, -1, -2]",16.0
Lookahead,"[-2, -2, -2, 1, 1, 2, -1, 2, 2, 1, 1, 1, -2, -2, -2, -1, -2, 1, -2, -1, -1, -2, 1, 1, 1, -2, -2, -1, 2, -1, -1, -2, 1, -2, 1]",13.0
Lookahead,"[2, -1, 2, -1, -1, -2, 1, -2, -2, -2, -1, 2, -1, -1, 2, 2, 2, 1, 2, -1, -1, 2, 1, 1, 1, 2, 2, -1, -2, -1, 2, -1, -2, -1, 2]",12.0
Lookahead,"[2, -1, -1, -2, -2, -1, 2, 2, -1, 2, 1, 1, 1, 2, 2, 1, -2, -2, 1, 2, 1, 2, -1, 2, 1, 2, -1, -1, -2, -1, 2, -1, -2, -2, -1]",20.0
Lookahead,"[2, 1, 1, -2, -2, 1, 2, 2, 1, 2, -1, -1, -1, -1, 2, 2, 1, -2, 1, 2, 2, 1, -2, -2, 1, 2, 2, 1, 1, -2, -1, -2, 1, -2, -1]",17.0
Lookahead,"[-2, 1, -2, 1, 1, 2, -1, 2, 2, 2, 1, -2, -2, 1, 1, 1, 1, 2, -1, -1, -1, 2, 1, 1, 2, 1, 1, -2, -2, -2, -2, -1, -1, -2, -1]",14.0
Lookahead,"[1, 1, -2, 1, 1, 2, -1, 2, 2, 2, -1, -2, -2, -1, -1, 2, 2, -1, -2, -1, -1, -2, 1, 1, -2, -1, -2, 1, 1, 1, -2, 1, 1, -2, 1]",18.0
Lookahead,"[2, 1, 1, 2, 2, -1, -2, -1, 2, 2, -1, -1, -2, -2, -2, -1, 2, 2, -1, -2, -2, -1, 2, 2, 2, 2, 1, -2, 1, 2, 1, 2, -1, -1, -1]",17.0
Lookahead,"[-2, -2, 1, -2, -2, -1, 2, -1, -1, 2, -1, 2, -1, -1, -1, -2, 1, 1, -2, -1, -1, -2, 1, 1, -2, -2, 1, 2, 2, 1, 1, -2, -1, -2, -2]",17.0
Lookahead,"[-1, -1, -2, -1, -1, 2, 1, 2, 2, 1, 2, 1, 1, -2, -2, 1, 2, 2, 1, -2, -2, 1, 2, 2, 1, 2, 2, -1, -2, -1, 2, -1, -2, -1, -1]",19.0
Lookahead,"[1, 2, 1, 2, 2, -1, -2, -1, -1, -1, 2, 2, 1, 2, 1, 1, -2, 1, 2, 2, 2, -1, -2, -1, -1, -1, 2, 1, 1, 2, 2, 1, -2, 1, 2]",12.0
Lookahead,"[1, -2, -2, 1, 1, 2, -1, 2, 2, 1, 1, 1, -2, -2, -2, -1, -2, 1, 1, 2, 1, 2, -1, 2, 1, 2, 1, -2, 1, -2, -2, 1, 2, 1, 2]",12.0
Lookahead,"[-1, 2, 2, -1, -1, -2, 1, -2, -2, -1, -1, -1, -1, -1, -2, -2, 1, 2, 1, -2, -2, 1, 2, 2, 1, -2, -2, 1, -2, -2, -1, -2, 1, 1, 1]",16.0
Lookahead,"[-2, -1, -2, -1, -1, 2, 1, 2, 2, 2, -1, -2, -2, -1, 2, -1, -2, -1, 2, 2, 2, 1, -2, 1, 2, 1, 2, 2, 2, -1, 2, -1, -2, -2, -1]",13.0
Lookahead,"[-2, 1, 2, 1, 1, -2, -1, -2, -2, -1, -1, -1, -1, 2, 2, -1, -2, -2, -1, 2, 2, -1, -2, -2, -2, 1, -2, 1, 2, 1, -2, 1, 2, 1, -2]",18.0
Lookahead,"[-1, 2, 2, -1, -1, -2, 1, -2, -2, -2, -1, 2, -1, -1, -1, 2, 1, 1, 2, -1, -1, -1, -2, -2, -1, -2, 1, 1, 1, 1, -2, 1, 1, -2, -1]",17.0
Lookahead,"[-2, -2, 1, -2, -2, -1, 2, -1, -2, -1, 2, 2, 1, 2, 2, -1, 2, 1, 2, -1, 2, -1, -2, -2, -1, -2, -1, 2, 2, 1, 2, 2, 2, 2, 1]",17.0
Lookahead,"[2, 2, 2, -1, -1, -2, 1, -2, -1, -1, -2, 1, -2, -2, 1, 1, 1, 2, 1, -2, -2, -1, -1, -1, -2, -2, -1, 2, 2, -1, -1, 2, 1, 2, -1]",13.0
Lookahead,"[1, -2, -2, -1, -1, -2, 1, 1, 1, 2, 1, 2, -1, 2, 2, 2, -1, -2, -1, 2, 2, -1, -2, -2, -1, -2, -1, 2, 2, 1, 2, 2, 2, 2, -1]",12.0
Lookahead,"[2, 2, 1, 2, 2, -1, -2, -1, -2, -1, -1, 2, 1, 2, 1, 2, 2, -1, -2, -1, 2, 2, 1, 1, 2, 2, 1, -2, -2, -2, -2, 1, 2, 1, -2]",15.0
Lookahead,"[-2, -2, -1, -2, -2, 1, 2, 1, 1, 1, 2, -1, -1, 2, 1, 2, 1, -2, 1, 2, 1, 2, -1, -1, -1, 2, 2, 1, -2, 1, 2, 1, -2, 1, 2]",19.0
Lookahead,"[1, 2, 2, 1, 1, -2, -1, -2, -2, 1, 2, 1, 2, 2, 2, 1, -2, -2, 1, 2, 2, 1, -2, -2, 1, -2, -2, -1, 2, -1, -1, -2, 1, -2, 1]",18.0
Lookahead,"[-1, -2, 1, -2, -2, -1, 2, -1, 2, -1, -2, -2, 1, -2, -2, -2, 1, 2, 2, 1, 1, -2, -1, -2, -2, 1, -2, -1, -1, -1, -1, -2, 1, 1, -2]",13.0
Lookahead,"[1, -2, -2, -1, -1, -2, 1, 1, -2, 1, 2, 2, 2, 2, 2, 1, -2, -2, 1, 2, 2, 1, -2, -2, 1, 1, -2, -1, -1, -1, -1, -2, 1, 1, 1]",19.0
Lookahead,"[-1, -1, -1, 2, 2, 1, -2, 1, 2, 2, 1, 1, -2, -1, -2, 1, 1, 2, 1, -2, 1, -2, -1, -1, -2, -2, -2, 1, 2, 2, 1, -2, -2, 1, 2]",17.0
Lookahead,"[2, 1, 1, -2, -2, 1, 2, 2, 1, 2, -1, -1, -1, 2, 2, -1, -2, -2, -1, 2, 2, -1, -2, -2, -2, -1, -1, 2, 1, 2, -1, 2, 1, 2, 1]",19.0
Lookahead,"[1, 2, -1, 2, 2, 1, -2, 1, 2, 1, -2, -2, -1, -2, 1, -2, 1, 2, 1, -2, -2, 1, 2, 2, 2, 1, 1, -2, -1, -2, 1, -2, -1, -2, -1]",19.0
Lookahead,"[1, 1, -2, 1, 1, 2, -1, 2, -1, -1, 2, 1, 1, 1, 2, 2, -1, -2, -1, 2, 2, -1, -2, -2, -1, -2, -1, 2, 2, 1, 2, 2, 2, -1, 2]",17.0
Lookahead,"[1, 1, -2, 1, 1, 2, -1, 2, 2, -1, 2, -1, 2, 1, 1, 2, -1, -1, 2, 1, 1, 2, -1, -1, -1, 2, 2, 1, -2, 1, 2, 1, -2, 1, 1]",18.0
Lookahead,"[2, 2, 2, 1, 1, -2, -1, -2, -2, -2, 1, 2, 1, 1, -2, 1, 2, 2, -1, 2, 2, -1, 2, 1, 2, 1, -2, -2, -2, 1, 1, -2, -1, -2, 1]",12.0
Lookahead,"[-1, -1, 2, -1, -1, -2, 1, -2, -1, -2, 1, 1, 2, 1, -2, -2, 1, 1, 2, -1, 2, 1, 1, -2, 1, -2, -1, -2, -1, -1, -2, -1, 2, -1, -1]",19.0
Lookahead,"[-2, -2, 1, -2, -2, -1, 2, -1, -1, -1, 2, 1, 1, 2, -1, 2, -1, -2, -1, 2, 2, -1, -2, -2, -1, -2, -2, 1, 2, 1, -2, -2, 1, -2, 1]",18.0
Lookahead,"[-2, -1, -1, 2, 2, -1, -2, -2, -1, -2, 1, 1, 1, -2, -2, 1, 2, 2, 1, -2, -2, -2, -1, -1, -2, -2, -1, 2, 2, 2, 2, -1, -2, -1, -1]",19.0
Lookahead,"[-2, -2, -2, -1, -1, 2, 1, 2, 2, 2, -1, -2, -2, -1, -1, 2, 1, 2, -1, 2, -1, -2, -2, -2, -2, -2, 1, 2, 1, -2, -2, 1, 1, 1, 1]",13.0
Lookahead,"[-2, -1, -1, -2, -2, 1, 2, 1, 1, -2, 1, -2, 1, 1, 1, -2, -1, -1, -2, 1, 1, 1, 2, 2, 1, 1, 2, -1, -1, -1, 2, -1, -2, -1, 2]",19.0
Lookahead,"[-2, 1, -2, 1, 1, 2, -1, 2, 1, 2, 2, -1, -2, -1, 2, -1, -1, 2, 1, 1, 1, 2, -1, -1, 2, 2, -1, -2, -2, -1, -1, -2, 1, -2, -1]",15.0
Lookahead,"[-2, -2, 1, -2, -2, -1, 2, -1, -1, 2, 2, 2, 2, 1, 1, 2, -1, -1, 2, 1, 1, 1, -2, -2, -2, 1, 1, 2, -1, 2, 1, 2, -1, 2, 2]",18.0
Lookahead,"[-1, -1, -2, -1, -1, 2, 1, 2, 1, 2, -1, -1, -2, -1, -2, -1, -1, 2, 1, 2, -1, -1, -2, -2, -1, -1, -2, 1, 1, 1, -2, 1, 2, 1, -2]",15.0
Lookahead,"[2, 2, 1, 2, 2, -1, -2, -1, -1, -1, -2, 1, 1, -2, -1, -2, 1, -2, -1, -1, -1, 2, 1, 2, -1, -1, -2, -2, -1, 2, 2, -1, -2, -1, -1]",18.0
Lookahead,"[-2, -2, -1, -2, -2, 1, 2, 1, -2, 1, 2, 2, -1, 2, 2, 2, 1, -2, -2, 1, 1, 2, -1, 2, 1, 2, 2, -1, -2, -1, 2, -1, -2, -1, -2]",21.0
Lookahead,"[1, -2, -2, 1, 1, 2, -1, 2, 2, 1, 2, 1, 2, 1, 1, 2, -1, -1, -1, 2, 2, 1, -2, 1, 2, 1, 1, -2, -2, -2, -2, 1, 2, 2, 1]",18.0
Lookahead,"[-2, 1, 1, -2, -2, -1, 2, -1, -1, -2, -1, -2, -2, 1, -2, -1, -1, 2, -1, -2, -2, -1, 2, 2, -1, 2, 2, 1, -2, 1, 1, 2, -1, 2, 1]",18.0
Lookahead,"[2, 1, 2, 1, 1, -2, -1, -2, -2, -2, 1, 1, 2, -1, 2, 1, 1, -2, 1, 2, 2, 1, -2, -2, 1, -2, -2, -1, 2, -1, -1, -2, 1, -2, 1]",19.0
Lookahead,"[1, 2, 1, 2, 2, -1, -2, -1, -2, -1, 2, 2, 2, 2, 1, 1, 1, -2, 1, 2, 2, 1, -2, -2, 1, -2, -2, -1, -1, -2, 1, -2, -1, -1, -2]",12.0
Lookahead,"[1, 1, -2, 1, 1, 2, -1, 2, 2, 2, -1, -2, -2, -1, 2, 2, 2, -1, -2, -2, -2, -1, 2, 2, -1, 2, 1, 2, 1, 1, 2, 1, -2, 1, 1]",19.0
Lookahead,"[-2, 1, 1, 2, 2, 1, -2, -2, 1, -2, -1, -1, -1, -1, -2, -2, 1, 2, 1, -2, 1, -2, -1, -1, -1, -2, -1, 2, 2, 2, -1, 2, 1, 2, 2]",20.0
Lookahead,"[1, 1, 2, 1, 1, -2, -1, -2, -2, -2, -1, 2, 2, -1, -2, -2, -1, 2, 2, -1, -1, -2, 1, -2, -2, -2, 1, 2, 1, 1, -2, 1, 2, 1, 1]",19.0
Lookahead,"[1, 1, -2, 1, 1, 2, -1, 2, 2, -1, 2, -1, -2, -1, -1, -2, -1, -1, 2, 1, 2, 1, 1, 2, 1, 1, 2, -1, -1, -1, 2, -1, -2, -1, 2]",11.0
Lookahead,"[-1, -1, -2, -1, -1, 2, 1, 2, -1, 2, 1, 1, -2, 1, 1, 2, 1, -2, 1, 2, 1, 2, -1, -1, -1, 2, 2, 1, -2, 1, 2, 1, -2, 1, 1]",19.0
Lookahead,"[2, -1, 2, -1, -1, -2, 1, -2, -2, -2, -1, 2, 2, -1, -1, -2, 1, -2, -1, -1, -1, 2, 1, 2, 2, 2, 1, -2, 1, 2, 2, 1, 1, 2, 2]",14.0
Lookahead,"[2, -1, -1, -2, -2, -1, 2, 2, 2, 2, 1, 1, -2, 1, 1, 1, 2, -1, 2, 1, 2, 1, -2, -2, 1, 1, -2, -1, -1, -2, -2, -1, 2, -1, -2]",15.0
Lookahead,"[1, 1, 1, -2, -2, -1, 2, -1, -2, -2, -1, -1, 2, 1, 2, -1, -1, -2, -1, 2, -1, 2, 1, 1, 2, 2, -1, 2, 2, 1, 2, 1, -2, -2, -2]",17.0
Lookahead,"[1, 2, 1, 2, 2, -1, -2, -1, -2, -1, -1, 2, 1, 2, 1, 2, -1, -1, -2, -1, 2, 2, 1, 1, 1, 1, 2, -1, -1, -1, -1, 2, 1, 1, 1]",15.0
Lookahead,"[1, 1, 2, 1, 1, -2, -1, -2, -2, -2, -1, 2, 2, -1, -2, -2, -1, -1, 2, -1, 2, -1, -2, -2, -2, -2, 1, 2, 1, 1, -2, 1, 2, 1, -2]",17.0
Lookahead,"[-2, -1, -2, -1, -1, 2, 1, 2, 2, 2, -1, -1, -2, -1, -2, -2, 1, -2, -1, -1, -1, 2, 1, 2, 2, -1, 2, 1, 1, 2, 2, -1, -2, -1, 2]",12.0
Lookahead,"[1, -2, -2, -1, -1, -2, 1, 1, -2, 1, 2, 2, 2, 1, 2, 1, 2, -1, 2, 1, 2, 1, -2, -2, 1, -2, -1, -2, -1, -2, -1, -2, 1, -2, 1]",14.0
Lookahead,"[-1, -1, -1, -2, -2, 1, 2, 1, 1, 1, -2, -2, -1, 2, -1, -2, -2, 1, -2, -1, -1, -2, 1, 1, -2, -2, 1, 2, 2, 2, 2, 1, -2, -2, -2]",19.0
Lookahead,"[2, 2, -1, 2, 2, 1, -2, 1, 1, 1, -2, -1, -1, -2, 1, -2, -1, -2, 1, 1, 1, 2, -1, 2, 1, 1, 1, -2, -1, -2, -2, -1, -1, -2, -2]",18.0
Lookahead,"[-2, 1, 2, 1, 1, -2, -1, -2, -2, -1, -2, -1, -2, 1, -2, -2, -1, 2, -1, 2, 2, -1, -2, -2, -1, -2, -2, 1, 2, 1, -2, 1, 1, -2, 1]",19.0
Lookahead,"[1, -2, -2, 1, 1, 2, -1, 2, 1, 1, 2, -1, -1, 2, -1, -2, -1, 2, -1, -2, -2, -2, 1, -2, -2, -2, 1, 2, 1, 1, -2, 1, 2, 1, -2]",14.0
Lookahead,"[2, -1, 2, -1, -1, -2, 1, -2, -2, -2, -1, -1, 2, -1, 2, 2, 1, 2, -1, 2, -1, -2, -2, -2, -1, -2, -2, 1, 1, -2, -2, 1, 2, 1, -2]",11.0
Lookahead,"[-1, -1, -1, -2, -2, 1, 2, 1, 1, 1, -2, -1, -2, -2, -2, -1, 2, 2, -1, -2, -1, -2, 1, -2, -1, -2, 1, 1, 2, 1, 1, -2, -1, -2, -1]",19.0
Lookahead,"[-2, 1, 2, 1, 1, -2, -1, -2, -2, -2, -1, 2, 2, -1, -1, -2, -1, 2, -1, -2, -2, -1, 2, 2, -1, 2, 1, 1, 1, 2, 1, 2, -1, -1, -1]",18.0
Lookahead,"[1, -2, -1, -2, -2, 1, 2, 1, 1, 1, 2, -1, -1, 2, 1, 2, 1, -2, 1, 2, 2, 1, -2, -2, 1, 1, -2, -1, -1, -2, -2, 1, 2, 1, -2]",18.0
Lookahead,"[2, -1, -1, 2, 2, 1, -2, 1, 2, 1, 1, -2, -2, -2, 1, 1, 2, -1, 2, 1, 2, 1, -2, -2, -2, 1, 1, 2, -1, 2, 2, 1, -2, 1, -2]",18.0
Lookahead,"[2, 1, 2, 1, 1, -2, -1, -2, 1, -2, -2, -1, -1, -1, -2, -2, 1, 2, 1, -2, 1, -2, -1, -1, -2, -1, 2, -1, 2, 2, -1, 2, 1, 2, 2]",19.0
Lookahead,"[-2, 1, -2, 1, 1, 2, -1, 2, 2, 2, 1, 1, -2, -1, -2, 1, 1, 2, 1, -2, 1, -2, -1, -1, -1, -2, -2, -1, -1, -1, -2, -1, 2, 2, -1]",19.0
Lookahead,"[-2, -2, -2, 1, 1, 2, -1, 2, 2, 2, 1, -2, 1, 1, -2, -2, -2, -1, -2, 1, 1, -2, -1, -1, -2, -1, -1, 2, 2, -1, -1, 2, 2, 2, 2]",12.0
Lookahead,"[2, 2, -1, 2, 2, 1, -2, 1, 1, -2, 1, -2, 1, 2, 2, 1, -2, -2, -2, 1, 1, 2, -1, 2, 1, 2, 2, -1, -1, -1, 2, -1, -2, -1, 2]",18.0
Lookahead,"[2, 1, 1, 2, 2, -1, -2, -1, 2, 2, -1, -2, -2, -1, -2, -1, -2, -2, 1, -2, 1, -2, -1, -1, -1, -1, 2, 2, 1, 2, 2, 2, 1, 2, 1]",12.0
Lookahead,"[1, 1, -2, 1, 1, 2, -1, 2, 1, 2, -1, -1, -2, -1, 2, -1, -1, 2, 1, 1, 1, 2, -1, -1, 2, -1, -1, -2, -2, -2, -1, -2, 1, 1, -2]",19.0
Lookahead,"[-1, -2, -2, -1, -1, 2, 1, 2, 2, -1, -1, -1, -2, -2, -2, 1, -2, 1, 1, 1, -2, -1, -1, -1, -1, -1, -1, 2, 1, 2, -1, 2, 1, 2, 2]",13.0
Lookahead,"[2, 1, -2, 1, 1, 2, -1, 2, 1, 2, -1, -1, -2, -1, -1, -1, -2, 1, -2, -1, -2, -1, 2, 2, -1, -1, 2, 1, 1, 2, 2, 1, -2, 1, 1]",20.0
Lookahead,"[2, 2, -1, 2, 2, 1, -2, 1, 1, -2, 1, -2, 1, 1, 1, -2, -1, -1, -2, 1, 1, 1, 2, 2, 2, 1, 1, -2, -1, -2, 1, -2, -1, -2, -1]",18.0
Lookahead,"[1, 2, -1, 2, 2, 1, -2, 1, -2, -2, 1, 2, 2, 2, 2, 1, -2, -2, 1, 2, 1, 2, -1, 2, 2, 2, -1, -2, -2, -1, 2, -1, -2, -2, -2]",20.0
Lookahead,"[-1, -2, -2, 1, 1, -2, -1, -1, -1, -1, 2, 1, 2, -1, -1, 2, 1, 1, 2, -1, 2, -1, -2, -1, -2, -2, -1, 2, 2, 2, 1, 2, -1, -1, -2]",18.0
Lookahead,"[1, 1, 2, 1, 1, -2, -1, -2, -2, -1, -2, -1, 2, -1, -1, 2, -1, -2, -1, -2, -2, 1, 2, 1, -2, -2, -2, -1, -2, 1, -2, 1, 2, 1, 2]",11.0
Lookahead,"[-2, -2, -1, -2, -2, 1, 2, 1, 1, 2, 1, 2, -1, 2, 2, -1, -1, 2, 1, 1, 2, 1, -2, -2, -2, 1, 1, 2, -1, 2, 2, 1, -2, 1, -2]",13.0
Lookahead,"[-1, -1, 2, -1, -1, -2, 1, -2, -2, -2, 1, 2, 2, 1, -2, 1, 2, 1, -2, 1, 1, 2, -1, 2, 1, 2, -1, -1, -1, -1, 2, -1, -1, -1, 2]",18.0
Lookahead,"[-2, -2, 1, -2, -2, -1, 2, -1, -1, -1, 2, 1, 1, 2, 2, 2, -1, -2, -2, -1, -1, 2, 1, 2, 2, 2, 1, -2, 1, 1, -2, 1, 2, 2, 1]",19.0
Lookahead,"[2, -1, 2, -1, -1, -2, 1, -2, -2, -2, -1, 2, -1, -1, -1, 2, 1, 1, 2, -1, 2, -1, -2, -1, 2, -1, -2, -2, 1, -2, -2, 1, 1, -2, 1]",19.0
Lookahead,"[-1, -2, -1, -2, -2, 1, 2, 1, -2, 1, 1, 2, 1, 2, 2, 1, -2, -2, 1, 2, 2, 2, -1, -1, -1, -2, -1, 2, 2, 1, 2, 1, -2, 1, 1]",17.0
Lookahead,"[2, 1, 2, 1, 1, -2, -1, -2, 1, -2, -2, -1, 2, -1, -2, -2, -1, 2, 2, -1, -1, -2, 1, -2, -1, -1, -2, 1, 1, 1, -2, 1, 2, 1, 2]",16.0
Lookahead,"[2, 1, 1, 2, 2, -1, -2, -1, -1, -1, 2, 2, 1, 2, 1, 1, -2, 1, 2, 1, 1, 2, -1, -1, -1, 2, -1, -2, -1, -1, -2, -1, 2, -1, -2]",11.0
Lookahead,"[1, 1, -2, 1, 1, 2, -1, 2, 1, 2, -1, -1, -2, -1, 2, -1, 2, 1, 2, -1, 2, -1, -2, -2, -2, -1, -1, 2, 1, 2, -1, 2, 1, 2, 1]",19.0
Lookahead,"[-1, -1, -2, -1, -1, 2, 1, 2, 2, 2, 1, -2, -2, 1, 2, 1, -2, 1, 2, 1, 1, -2, -1, -2, -2, -2, -1, -1, 2, -1, -2, -1, -1, -1, -1]",18.0
Lookahead,"[1, 1, 2, 1, 1, -2, -1, -2, -2, -2, -1, 2, 2, -1, -2, -1, 2, -1, -2, -2, -2, 1, 2, 1, -2, -2, 1, -2, -2, 1, -2, 1, 2, 2, 1]",18.0
Lookahead,"[-2, -2, -2, -1, -1, 2, 1, 2, 2, 2, -1, -1, -2, 1, -2, -1, -1, 2, -1, -2, -1, -2, 1, 1, -2, -2, 1, 1, 1, 1, 1, -2, -1, -2, -2]",19.0
Lookahead,"[-2, -2, -2, -1, -1, 2, 1, 2, 2, 2, -1, -2, -1, -1, 2, -1, -2, -2, 1, -2, -2, 1, -2, -1, -1, -1, 2, 1, 2, -1, -1, 2, 1, 2, -1]",12.0
Lookahead,"[1, -2, -2, -1, -1, -2, 1, 1, 1, 1, 2, -1, 2, 2, 2, 1, -2, -2, 1, 2, 2, 1, -2, -2, 1, -2, -2, -1, 2, -1, -2, -2, -2, -1, -1]",18.0
Lookahead,"[-1, -1, 2, -1, -1, -2, 1, -2, 1, -2, -2, -1, 2, -1, 2, -1, -1, -2, 1, -2, -2, -1, 2, -1, -2, -1, 2, 2, 1, 2, -1, 2, 1, 1, 1]",16.0
Lookahead,"[-1, 2, -1, 2, 2, 1, -2, 1, 2, 1, 1, -2, -2, -2, 1, 1, 2, -1, 2, 1, 2, 1, -2, -2, 1, -2, -1, -2, -1, -1, -2, -1, 2, -1, -2]",19.0
Lookahead,"[1, 1, -2, 1, 1, 2, -1, 2, 2, -1, -1, -1, 2, 1, 2, -1, -1, -2, -1, 2, 2, -1, -2, -2, -2, -1, -1, 2, 1, 2, -1, 2, 1, 2, 1]",18.0
Lookahead,"[1, 2, -1, 2, 2, 1, -2, 1, -2, 1, 2, 2, -1, 2, 1, 2, -1, 2, 1, 2, 2, -1, -2, -1, 2, -1, -2, -2, 1, -2, -2, -1, 2, -1, -2]",15.0
Lookahead,"[-1, -2, 1, -2, -2, -1, 2, -1, -2, -1, 2, 2, 1, 2, 2, -1, 2, 1, 1, 2, 2, -1, -2, -1, 2, -1, -1, -2, 1, -2, -1, -2, 1, -2, -2]",20.0
Lookahead,"[-1, -2, 1, -2, -2, -1, 2, -1, -2, -1, 2, 2, 1, 2, -1, 2, 2, -1, -2, -2, -2, -1, 2, 2, -1, -1, 2, 1, 1, 2, 2, 1, -2, 1, 1]",20.0
Lookahead,"[2, -1, -2, -1, -1, 2, 1, 2, -1, 2, 1, 1, -2, 1, 2, 1, -2, 1, 2, 2, 2, -1, -2, -1, -1, 2, -1, -1, -1, 2, 2, -1, -2, -1, -2]",18.0
Lookahead,"[-2, 1, 1, 2, 2, 1, -2, -2, 1, -2, -1, -1, -1, -1, -2, -2, 1, 2, 1, -2, 1, -2, -1, -1, -2, -1, 2, -1, 2, 2, -1, 2, 1, 2, -1]",20.0
Lookahead,"[1, 1, 2, 1, 1, -2, -1, -2, -2, -2, -1, 2, 2, -1, -2, -2, -1, 2, -1, -1, -1, -2, 1, 1, -2, -2, 1, 2, 1, -2, -2, 1, 2, 1, 1]",18.0
Lookahead,"[-2, -1, 2, -1, -1, -2, 1, -2, -1, -2, 1, 1, 2, 1, -2, 1, 2, 2, 1, -2, 1, -2, -1, -2, -2, -1, -2, -1, 2, -1, 2, -1, -2, -1, 2]",17.0
Lookahead,"[2, -1, -1, 2, 2, 1, -2, 1, 2, 1, 1, -2, -1, -2, 1, 1, -2, -1, -1, -2, -2, 1, 2, 1, -2, -2, 1, 2, 2, 2, 1, 2, -1, 2, -1]",16.0
Lookahead,"[1, -2, -2, 1, 1, 2, -1, 2, 2, 2, 1, -2, 1, 1, 2, 1, -2, -2, -1, -1, -2, 1, 1, 1, 1, 2, 2, 2, -1, 2, 2, -1, -2, -1, -1]",13.0
Lookahead,"[2, 1, -2, 1, 1, 2, -1, 2, 2, 2, -1, -2, -2, -1, 2, -1, -2, -1, 2, -1, 2, 1, 1, 1, 2, 2, -1, 2, 1, 2, 2, -1, -2, -1, -1]",17.0
Lookahead,"[-1, 2, 1, 2, 2, -1, -2, -1, -1, -1, -2, 1, 1, -2, -2, -2, -1, 2, 2, -1, -1, -2, 1, -2, -1, -2, -2, 1, 2, 1, -2, 1, 2, 1, 1]",21.0
Lookahead,"[-2, 1, -2, 1, 1, 2, -1, 2, 1, 2, 2, -1, -1, -1, -1, -2, -1, -1, 2, 1, 2, 1, 1, 1, 2, 1, 2, -1, -1, 2, -1, 2, 1, 1, 1]",11.0
Lookahead,"[2, 1, -2, 1, 1, 2, -1, 2, 2, 2, -1, -2, -2, -1, -1, -1, 2, 2, 1, 2, 1, 2, -1, 2, 2, -1, -1, -2, 1, -2, -2, -1, -2, -2, -1]",16.0
Lookahead,"[-1, -2, -1, -2, -2, 1, 2, 1, 2, 1, -2, -2, -2, -2, 1, 1, 2, -1, 2, 1, 2, 1, -2, -2, 1, 1, -2, -1, -1, -2, -2, -1, 2, -1, -2]",19.0
Lookahead,"[1, 1, -2, 1, 1, 2, -1, 2, -1, 2, 2, 1, -2, 1, -2, 1, 2, 1, 2, -1, -1, 2, 1, 1, 2, 2, 1, -2, -2, -2, -2, -2, -1, -2, -2]",16.0
Lookahead,"[2, 2, 2, 1, 1, -2, -1, -2, -2, 1, 2, 1, 1, 1, -2, -2, -1, 2, -1, -2, -1, -2, 1, 1, -2, -2, 1, 2, 2, 1, 1, 2, -1, 2, 2]",19.0
Lookahead,"[-2, -2, -2, 1, 1, 2, -1, 2, 1, 1, 2, -1, 2, 2, 1, 2, -1, -1, -2, -1, -1, -2, -2, -2, -2, -2, -1, 2, 2, 2, -1, 2, 1, 2, -1]",11.0
Lookahead,"[-2, 1, 1, -2, -2, -1, 2, -1, -1, -1, -2, 1, -2, -2, -2, 1, 2, 2, 1, -2, -2, -2, -1, -1, -1, -2, -2, 1, 2, 1, 1, -2, -1, -2, 1]",18.0
Lookahead,"[-1, -1, -2, -1, -1, 2, 1, 2, 1, 2, 2, -1, -2, -1, -2, -1, 2, 2, -1, -2, -2, -1, 2, 2, -1, 2, 2, 1, -2, 1, 2, 1, -2, 1, -2]",16.0
Lookahead,"[1, -2, 1, -2, -2, -1, 2, -1, -1, -1, -2, 1, -2, -2, -1, 2, -1, -1, -2, 1, -2, 1, 1, -2, -2, -2, 1, 2, 2, 2, 1, 2, -1, 2, 2]",14.0
Lookahead,"[-2, -2, 1, -2, -2, -1, 2, -1, -1, 2, 2, 2, 2, 1, 1, 2, -1, -1, -1, -2, -2, -1, 2, 2, -1, 2, 2, 1, -2, 1, 2, 1, -2, 1, 1]",19.0
Lookahead,"[-1, -2, 1, -2, -2, -1, 2, -1, 2, 2, -1, -2, -2, -2, -1, -1, 2, 1, 2, -1, -1, 2, 1, 1, 2, 1, 2, -1, -1, 2, 1, 2, -1, -1, -2]",17.0
Lookahead,"[2, 2, 1, 2, 2, -1, -2, -1, 2, -1, -2, -2, 1, -2, -1, -1, -1, -2, 1, 1, 1, -2, -1, -1, -1, -1, -1, 2, 1, 2, -1, 2, 1, 2, 1]",19.0
Lookahead,"[2, -1, -1, 2, 2, 1, -2, 1, 1, 2, 2, 2, 2, -1, 2, 1, 1, -2, 1, 2, 2, -1, -1, -1, -1, -1, 2, 1, 1, 1, 1, 2, -1, -1, 2]",18.0
Lookahead,"[-1, 2, -1, 2, 2, 1, -2, 1, 2, 1, 1, -2, -1, -2, 1, 1, -2, -1, -1, -2, -2, 1, 2, 1, 1, 1, 2, -1, 2, 2, 2, 1, -2, 1, 1]",14.0
Lookahead,"[-1, 2, -1, 2, 2, 1, -2, 1, 1, 1, 2, -1, -1, 2, 1, 2, 1, -2, 1, 2, 2, 1, -2, -2, -2, -2, 1, 2, 2, 2, 2, 1, -2, -2, 1]",14.0
Lookahead,"[-1, -1, 2, -1, -1, -2, 1, -2, -2, 1, -2, 1, -2, -2, 1, 1, 2, -1, 2, 1, 2, 1, -2, -2, 1, 1, -2, -1, -1, -2, -2, -1, 2, -1, -2]",19.0
Lookahead,"[2, -1, -1, 2, 2, 1, -2, 1, 2, 1, 1, -2, -1, -2, -2, -2, 1, 2, 2, 1, 1, -2, -1, -2, 1, -2, -2, -1, 2, -1, -2, -1, 2, -1, -2]",16.0
Lookahead,"[-2, 1, -2, 1, 1, 2, -1, 2, -1, 2, 1, 1, -2, 1, 2, 2, 1, -2, -2, -2, 1, 2, 2, 2, 2, 2, -1, -2, -1, -1, -2, -1, 2, -1, -1]",13.0
Lookahead,"[2, 2, 1, 2, 2, -1, -2, -1, -1, -1, -2, 1, 1, -2, -1, -1, -2, 1, -2, -1, -1, -2, 1, 1, -2, 1, 1, 2, -1, 2, 1, 1, 1, 2, 1]",18.0
Lookahead,"[-2, 1, 1, 2, 2, 1, -2, -2, 1, -2, -1, -1, -1, -2, -2, -1, 2, 2, -1, -2, -2, -1, 2, 2, -1, -1, 2, 1, 1, 2, -1, 2, 1, 1, -2]",18.0
Lookahead,"[2, 1, 2, 1, 1, -2, -1, -2, -1, -2, -2, 1, 2, 1, 2, 1, -2, -2, 1, 2, 1, 2, -1, 2, 2, 2, -1, -1, -1, -1, 2, -1, -2, -1, -2]",15.0
Lookahead,"[2, 1, 1, 2, 2, -1, -2, -1, 2, -1, -1, -2, -1, -1, -1, -2, 1, 1, -2, -1, -2, -1, 2, -1, -2, -1, 2, 2, 1, 2, -1, 2, 1, 1, 2]",19.0
Lookahead,"[1, 1, 1, -2, -2, -1, 2, -1, -1, -1, -2, 1, -2, -2, 1, 1, 1, 2, 1, -2, -2, -1, -1, -1, -2, -1, -1, 2, 2, 2, -1, 2, 2, -1, -2]",11.0
Lookahead,"[-2, 1, -2, 1, 1, 2, -1, 2, 2, 2, 1, -2, -2, 1, 2, 1, -2, 1, 2, 2, 2, -1, -2, -1, 2, 2, -1, 2, 2, 2, 1, 2, -1, 2, 2]",13.0
Lookahead,"[2, 1, 1, -2, -2, 1, 2, 2, 2, -1, 2, -1, -2, -1, -1, -1, -2, 1, -2, -2, -2, -1, 2, 2, -1, 2, 2, 2, 1, 1, 1, 2, -1, 2, 1]",14.0
Lookahead,"[1, 2, 2, -1, -1, 2, 1, 1, 2, 1, -2, -2, -2, -2, -2, 1, 2, 2, 1, -2, 1, -2, -1, -2, -2, -2, -1, 2, 2, -1, -1, -2, 1, -2, -2]",20.0
Lookahead,"[2, 1, -2, 1, 1, 2, -1, 2, -1, -1, 2, 1, 1, 1, 2, 2, -1, -2, -1, 2, -1, 2, 1, 1, 2, 1, 1, -2, -2, -2, 1, -2, -1, -2, -2]",20.0
Lookahead,"[2, -1, 2, -1, -1, -2, 1, -2, -2, -2, -1, -1, 2, 1, 2, -1, -1, -2, -1, 2, -1, 2, 1, 1, 2, 2, 1, 1, 1, 1, 1, 2, -1, 2, 1]",19.0
Lookahead,"[1, -2, 1, -2, -2, -1, 2, -1, 2, -1, -2, -1, -1, -1, -1, 2, 1, 1, 2, -1, 2, -1, -2, -1, 2, -1, -2, -2, 1, -2, -2, 1, 1, -2, -1]",19.0
Lookahead,"[-2, -1, -2, -1, -1, 2, 1, 2, 2, 2, -1, -2, -2, -1, 2, -1, 2, 1, 2, -1, 2, -1, -2, -2, -2, -1, -1, 2, 1, 2, 2, -1, -2, -1, -2]",14.0
Lookahead,"[-2, -2, -1, -2, -2, 1, 2, 1, 2, 1, 1, -2, -1, -2, -1, -2, -2, 1, 2, 1, 1, -2, -1, -2, -1, -2, 1, 1, 2, 1, 2, 1, -2, 1, 2]",14.0
Lookahead,"[1, 2, 2, -1, -1, 2, 1, 1, 2, 1, -2, -2, -2, 1, -2, -1, -2, 1, 1, 2, 2, 1, -2, -2, 1, -2, -2, -1, 2, -1, -2, -1, 2, -1, -2]",16.0
Lookahead,"[-2, -1, -2, -1, -1, 2, 1, 2, -1, 2, 2, 1, 1, 1, 1, -2, 1, 2, 1, -2, 1, -2, -1, -1, -1, -2, -2, 1, 2, 1, -2, 1, 2, 1, 1]",13.0
Lookahead,"[-2, -2, 1, -2, -2, -1, 2, -1, 2, -1, -2, -2, 1, -2, -1, -2, -1, 2, -1, -2, -1, -2, 1, 1, -2, 1, 1, 2, 2, 1, 1, -2, -1, -2, 1]",14.0
Lookahead,"[-2, -1, -2, -1, -1, 2, 1, 2, 2, 2, -1, -2, -2, -1, -1, -1, -1, 2, 1, 1, 1, 2, -1, -1, -1, -1, 2, 1, 1, 1, 1, 2, -1, 2, 2]",14.0
Lookahead,"[2, -1, -1, -2, -2, -1, 2, 2, 2, 2, 1, -2, 1, 2, 2, 1, -2, -2, 1, 2, 1, 2, -1, 2, 2, -1, -1, -1, -2, -2, -1, 2, 2, 2, -1]",17.0
Lookahead,"[1, -2, 1, -2, -2, -1, 2, -1, -2, -1, -1, 2, 2, 2, 2, 1, 1, 2, -1, -1, -1, -2, -2, -2, -2, -1, -1, 2, 1, 2, -1, 2, 1, 2, 2]",13.0
Lookahead,"[-1, -1, 2, -1, -1, -2, 1, -2, -2, 1, 1, 1, -2, -1, -2, 1, 1, 2, 1, 2, 2, 1, -2, -2, -2, -2, 1, 2, 2, 2, 2, 1, -2, 1, 1]",17.0
Lookahead,"[1, -2, 1, -2, -2, -1, 2, -1, 2, -1, -2, -1, -1, -1, 2, 2, 1, -2, 1, 2, 1, 2, -1, -1, 2, -1, -2, -1, -2, -2, -1, -2, 1, -2, -1]",19.0
Lookahead,"[-2, -2, -1, -2, -2, 1, 2, 1, -2, 1, 2, 2, -1, 2, 2, 1, -2, 1, 2, 1, 1, -2, -1, -2, -1, -2, -2, 1, 2, 1, 2, 1, -2, -2, -1]",18.0
Lookahead,"[1, 2, -1, 2, 2, 1, -2, 1, 1, 1, -2, -1, -1, -2, -2, -2, 1, 2, 1, -2, -2, 1, 2, 2, 2, 1, 1, -2, -1, -2, -2, 1, 2, 1, -2]",19.0
Lookahead,"[1, 1, -2, 1, 1, 2, -1, 2, 2, -1, 2, -1, -2, -1, -1, -2, -2, -1, 2, 2, -1, 2, 1, 1, 2, 2, -1, -1, -2, -1, 2, -1, -2, -2, 1]",11.0
Lookahead,"[1, 2, 1, 2, 2, -1, -2, -1, -1, -1, 2, 1, 2, 2, 1, 1, 1, -2, 1, 2, 1, 2, -1, -1, -1, 2, 2, 1, -2, 1, 2, 1, -2, 1, 1]",12.0
Lookahead,"[2, -1, -1, -2, -2, -1, 2, 2, -1, 2, 1, 1, 1, 1, 2, 2, -1, -2, -1, 2, -1, 2, 1, 1, 1, 1, 2, -1, -1, -1, 2, -1, -2, -1, -1]",19.0
Lookahead,"[1, 1, -2, 1, 1, 2, -1, 2, 2, -1, 2, -1, -1, -2, -2, -1, 2, 2, 2, 1, 1, 2, -1, -1, -1, -1, -2, -2, 1, -2, -1, -2, 1, -2, -2]",19.0
Lookahead,"[-2, -1, -2, -1, -1, 2, 1, 2, 1, 2, 2, -1, -2, -1, -2, -1, 2, -1, 2, 1, 1, 2, -1, -1, 2, 2, -1, -2, -2, -2, -2, -2, 1, -2, 1]",16.0
Lookahead,"[-2, 1, 1, -2, -2, -1, 2, -1, -1, -1, -2, 1, -2, -2, -2, 1, 2, 2, 1, -2, -2, -2, -1, -1, -2, -2, -1, 2, 2, 2, -1, 2, 1, 2, -1]",19.0
Lookahead,"[-2, 1, -2, 1, 1, 2, -1, 2, 2, 2, 1, 1, -2, -1, -2, 1, 1, 2, 1, -2, -2, 1, 2, 2, 2, 2, -1, -2, -1, 2, 2, -1, -2, -1, -1]",18.0
Lookahead,"[1, 1, 1, -2, -2, -1, 2, -1, -2, -2, -1, 2, 2, -1, -1, -2, -1, 2, -1, 2, 2, 1, -2, 1, 2, 2, 2, 2, 2, 2, -1, 2, 1, 2, -1]",12.0
Lookahead,"[-1, 2, 1, 2, 2, -1, -2, -1, -1, -2, -1, -2, 1, -2, -2, 1, 1, 2, 1, -2, -2, -1, -1, -1, -1, 2, -1, 2, -1, -1, -1, 2, 1, 2, 1]",10.0
Lookahead,"[-2, -1, -2, -1, -1, 2, 1, 2, -1, 2, 2, 1, -2, 1, 1, 1, 2, -1, -1, 2, 2, 1, -2, 1, 1, 1, -2, -1, -2, -2, -1, -2, 1, 1, 2]",14.0
Lookahead,"[1, 1, 1, -2, -2, -1, 2, -1, -1, -1, -2, -2, 1, 2, 1, -2, -2, -1, -2, 1, 1, -2, -1, -1, -1, -1, 2, 1, 2, -1, 2, -1, -2, -2, -1]",18.0
Lookahead,"[1, 1, -2, 1, 1, 2, -1, 2, 2, -1, 2, -1, -1, -2, -2, -1, 2, 2, -1, -2, -2, -1, 2, 2, 2, 2, 1, 1, -2, 1, 2, 1, -2, 1, 1]",18.0
Lookahead,"[1, 1, 2, 1, 1, -2, -1, -2, -2, -1, -2, -1, -1, 2, 2, -1, -2, -2, -1, 2, -1, 2, 1, 2, 1, 2, 1, 2, 1, 1, 2, 1, -2, 1, 1]",18.0
Lookahead,"[2, -1, -2, -1, -1, 2, 1, 2, 1, 1, 2, -1, -1, 2, 2, -1, -2, -2, -2, -1, -1, 2, 1, 2, 2, 2, 2, 1, -2, 1, 1, 2, -1, 2, -1]",20.0
Lookahead,"[-2, -1, -1, -2, -2, 1, 2, 1, 1, -2, 1, -2, -2, -1, -2, 1, 1, 2, 1, 2, 2, 1, -2, -2, 1, 1, -2, -1, -1, -1, -2, -1, -1, -1, -2]",18.0
Lookahead,"[-1, -1, 2, -1, -1, -2, 1, -2, -1, -2, 1, 1, 2, 1, 1, -2, -1, -2, 1, 1, 1, 2, -1, 2, 1, 2, 2, -1, -1, -1, 2, -1, -1, 2, 2]",19.0
Lookahead,"[-1, 2, -1, 2, 2, 1, -2, 1, 1, 1, 2, 2, -1, -2, -1, 2, 2, 1, 2, -1, -1, 2, 1, 1, 2, 2, 1, -2, -2, -2, -2, 1, 2, 2, 1]",19.0
Lookahead,"[-2, -2, -2, 1, 1, 2, -1, 2, 2, 1, 1, 1, -2, -2, 1, 1, 2, -1, 2, 1, 1, 2, -1, -1, -1, -1, 2, 1, 1, 1, 2, 1, -2, 1, 1]",18.0
Lookahead,"[1, 1, 2, 1, 1, -2, -1, -2, -1, -1, -2, 1, 1, -2, -2, 1, 2, 2, 2, 1, 1, -2, -1, -2, 1, 1, -2, -1, -1, -2, -2, -1, 2, -1, -2]",21.0
Lookahead,"[2, 2, 1, 2, 2, -1, -2, -1, -2, -2, -1, 2, 2, 2, 2, -1, -2, -2, -1, 2, 2, 2, 1, 1, 2, 1, 1, -2, -1, -2, 1, 1, 2, 1, -2]",18.0
Lookahead,"[-2, -1, -1, -2, -2, 1, 2, 1, 1, -2, 1, -2, 1, 1, 2, 2, 2, 1, -2, -2, -2, 1, 2, 2, 1, 2, -1, 2, -1, -1, -1, -2, -2, -1, 2]",13.0
Lookahead,"[-1, 2, 2, 1, 1, 2, -1, -1, 2, -1, -2, -2, -2, -1, -2, -1, -2, 1, -2, -1, -2, -1, 2, 2, -1, 2, 2, 1, 1, 2, -1, 2, 1, 2, -1]",14.0
Lookahead,"[1, 1, 1, 2, 2, -1, -2, -1, -1, 2, 2, 2, 2, 2, 1, 1, -2, -1, -2, 1, -2, 1, 2, 2, 1, 1, 2, -1, -1, 2, 2, -1, -2, -1, -1]",19.0
Lookahead,"[-2, -2, -1, -2, -2, 1, 2, 1, 1, 1, 2, -1, -1, 2, 1, 1, 1, 2, -1, -1, -1, 2, 1, 1, 1, 2, 1, -2, -2, -2, -2, 1, 2, 2, 1]",19.0
Lookahead,"[2, -1, -2, -1, -1, 2, 1, 2, 1, 1, 2, -1, -1, -1, 2, 2, 1, -2, 1, 2, 2, 1, -2, -2, 1, 2, 2, 2, -1, 2, -1, 2, 1, 1, 2]",17.0
Lookahead,"[-1, 2, 1, 2, 2, -1, -2, -1, -1, -1, -2, 1, 1, -2, -2, -1, -1, -2, 1, 1, -2, 1, 2, 2, 1, 1, 2, 2, 2, 2, 1, 2, -1, 2, 1]",18.0
Lookahead,"[-1, -2, -2, 1, 1, -2, -1, -1, -1, -1, 2, 2, 1, 2, 2, -1, -2, -1, 2, 2, 2, 1, -2, 1, 1, 2, 1, 1, 1, -2, -2, 1, 2, 1, 1]",13.0
Lookahead,"[1, 2, 2, 1, 1, -2, -1, -2, -2, -2, 1, 1, 2, -1, 2, 1, 1, -2, 1, 2, 2, 1, -2, -2, -2, -2, 1, 2, 2, 2, 2, 1, -2, 1, -2]",19.0
Lookahead,"[-2, 1, 2, 1, 1, -2, -1, -2, -2, -1, 2, -1, -1, -2, -2, -1, 2, 2, -1, -2, -2, -1, 2, 2, -1, -1, 2, 1, 1, 1, 2, 1, -2, 1, 2]",19.0
Lookahead,"[-1, -2, 1, -2, -2, -1, 2, -1, -1, 2, -1, 2, -1, 2, -1, -1, -2, 1, -2, -1, -1, -2, 1, 1, -2, -2, 1, 2, 2, 1, -2, 1, 1, -2, -1]",17.0
Lookahead,"[-1, 2, 2, 1, 1, 2, -1, -1, -1, -1, -2, -2, 1, -2, -2, -1, -1, -2, 1, -2, -2, 1, 2, 2, 1, 1, 1, -2, -1, -2, -1, -2, 1, -2, -1]",12.0
Lookahead,"[-2, 1, 2, 1, 1, -2, -1, -2, -1, -2, 1, 1, 1, 1, 1, 2, -1, -1, 2, 1, 1, 2, -1, -1, 2, 2, -1, -1, -2, -1, 2, -1, -2, -1, -1]",18.0
Lookahead,"[-2, -1, -1, -2, -2, 1, 2, 1, 1, 1, -2, -2, -1, 2, -1, -2, -2, 1, -2, -1, -2, -1, 2, 2, -1, -1, 2, 2, 2, 2, 2, -1, -2, -1, 2]",19.0
Lookahead,"[-1, 2, -1, 2, 2, 1, -2, 1, 1, 1, 2, -1, -1, 2, 2, -1, 2, 1, 2, -1, -1, 2, 1, 1, 1, 1, 2, -1, -1, -1, -1, 2, 1, 1, 2]",14.0
Lookahead,"[2, 2, -1, 2, 2, 1, -2, 1, 2, 1, -2, -2, -1, -2, 1, 1, -2, -2, -1, -2, -1, -2, 1, -2, -2, 1, 2, 2, 2, 1, 1, 2, -1, 2, 2]",17.0
Lookahead,"[2, 1, -2, 1, 1, 2, -1, 2, 2, 2, -1, -2, -2, -1, -1, -1, -1, 2, 1, 1, 1, 2, -1, -1, 2, 2, -1, -2, -2, -1, -1, -2, 1, -2, -1]",20.0
Lookahead,"[1, -2, 1, -2, -2, -1, 2, -1, -2, -1, -1, 2, 1, 2, 2, -1, -2, -1, 2, 2, 2, 1, -2, 1, 1, 2, 1, -2, 1, -2, 1, -2, -2, 1, 2]",14.0
Lookahead,"[-1, -1, -2, -1, -1, 2, 1, 2, 1, 1, 2, -1, -1, 2, 2, -1, -2, -2, -1, 2, -1, 2, 1, 2, 2, 2, 1, -2, -2, 1, 2, 1, -2, -2, 1]",20.0
Lookahead,"[2, -1, -1, 2, 2, 1, -2, 1, 2, 1, 1, -2, 1, -2, 1, 2, 2, -1, 2, 1, 1, -2, -2, -2, 1, -2, -2, -1, 2, -1, -2, -1, 2, -1, 2]",19.0
Lookahead,"[-1, -1, 2, -1, -1, -2, 1, -2, -1, -2, 1, 1, 2, 1, -2, -2, 1, 1, 2, -1, 2, 1, 1, -2, -2, 1, -2, -1, -1, -1, -2, -1, 2, -1, 2]",19.0
Lookahead,"[2, 2, -1, 2, 2, 1, -2, 1, 2, 1, -2, -2, -1, -2, 1, -2, 1, 2, 1, -2, -2, 1, 2, 2, 1, 1, 2, -1, -1, -1, -1, 2, 1, 1, 1]",19.0
Lookahead,"[-1, -1, 2, -1, -1, -2, 1, -2, -2, -2, 1, 2, 2, 1, 1, -2, -1, -2, 1, -2, -2, -1, 2, -1, -1, -1, 2, 2, 2, -1, -2, -1, 2, 2, -1]",18.0
Lookahead,"[1, 2, 2, -1, -1, 2, 1, 1, 1, -2, 1, -2, -1, -2, -2, 1, 1, -2, -1, -1, -2, -1, 2, 2, -1, -1, -1, -2, 1, 1, -2, -1, -2, -1, -2]",12.0
Lookahead,"[2, 1, 1, -2, -2, 1, 2, 2, 1, 2, -1, -1, -1, -1, 2, 2, 1, -2, 1, 2, 1, 2, -1, -1, 2, -1, -2, -1, -2, -2, -1, -2, 1, -2, -1]",20.0
Lookahead,"[-2, -2, -1, -2, -2, 1, 2, 1, 2, 2, 1, -2, -2, -2, -2, 1, 2, 2, 1, -2, -2, -2, -1, -1, -2, -1, -1, 2, 1, 2, -1, -1, -2, -1, 2]",18.0
Lookahead,"[2, -1, 2, -1, -1, -2, 1, -2, -2, -2, -1, -1, 2, 1, 2, -1, -1, -2, -1, 2, 2, -1, -2, -2, -2, -2, 1, 2, 1, -2, -2, 1, 2, 1, 1]",18.0
Lookahead,"[-2, -2, -1, -2, -2, 1, 2, 1, -2, 1, 2, 2, -1, 2, 1, 1, 1, 2, -1, -1, -1, 2, 1, 1, 2, 1, 1, -2, -2, -2, -2, -1, -1, -2, 1]",19.0
Lookahead,"[-2, 1, 2, 1, 1, -2, -1, -2, -1, -1, -2, 1, 1, 1, 1, -2, -1, -1, -2, 1, 1, -2, -1, -1, -1, -1, -2, 1, 1, 1, -2, 1, 2, 1, -2]",19.0
Lookahead,"[2, 2, 2, 1, 1, -2, -1, -2, -2, -2, 1, 2, 1, 1, 1, 2, -1, -1, 2, 1, 2, 1, -2, 1, -2, 1, 1, 2, -1, 2, 1, 2, -1, 2, 2]",17.0
Lookahead,"[-2, 1, 2, 1, 1, -2, -1, -2, -2, -1, -1, -1, 2, -1, 2, -1, 2, 2, 1, 2, 1, 2, -1, -1, -1, -1, -2, 1, -2, -2, -2, -2, 1, -2, 1]",11.0
Lookahead,"[2, 1, 1, -2, -2, 1, 2, 2, 1, 2, -1, -1, -1, 2, 2, -1, -2, -2, -1, 2, 2, 2, 1, 1, 1, 2, 2, -1, -2, -1, -1, 2, 1, 2, -1]",19.0
Lookahead,"[2, 1, 1, -2, -2, 1, 2, 2, 1, 2, -1, -1, -1, 2, -1, 2, -1, -2, -1, 2, 2, -1, -2, -2, -2, -2, 1, 2, 1, -2, -2, -1, -2, -2, -1]",12.0
Lookahead,"[-2, 1, -2, 1, 1, 2, -1, 2, 2, 2, 1, -2, 1, 1, -2, -2, -2, -1, -2, 1, -2, 1, 2, 2, 1, 2, 2, 2, -1, 2, 2, -1, -2, -1, 2]",12.0
Lookahead,"[-1, -2, -2, -1, -1, 2, 1, 2, 2, 2, -1, -2, -2, -1, 2, -1, -2, -1, 2, 2, 2, 1, -2, 1, 2, 1, 1, 2, 1, -2, 1, -2, -1, -2, 1]",13.0
Lookahead,"[1, 1, 2, 1, 1, -2, -1, -2, -1, -1, -2, 1, 1, -2, 1, 1, 2, -1, 2, 1, 2, 1, -2, -2, 1, -2, -2, -1, -1, -1, -2, -1, 2, -1, -1]",21.0
Lookahead,"[-2, 1, 1, -2, -2, -1, 2, -1, -2, -2, -1, 2, 2, 2, -1, -1, -2, 1, -2, -1, -2, -1, 2, 2, 2, 2, -1, -2, -2, -2, -2, -1, 2, -1, 2]",19.0
Lookahead,"[2, 1, 1, -2, -2, 1, 2, 2, 2, 2, -1, -2, -1, 2, -1, -1, -1, 2, 1, 1, 2, 1, -2, 1, 2, 2, -1, -1, -1, -2, -1, -1, -2, -2, -2]",13.0
Lookahead,"[2, 2, 1, 2, 2, -1, -2, -1, -1, -1, -2, 1, 1, -2, -1, -1, -1, -2, 1, 1, 1, -2, -1, -1, -1, -2, -1, 2, 2, 2, -1, 2, 1, 1, 2]",19.0
Lookahead,"[-1, -2, -1, -2, -2, 1, 2, 1, 2, 1, 1, -2, -1, -2, -1, -2, 1, 1, 2, 1, 1, -2, -1, -2, -2, -1, -1, -1, 2, -1, -2, -1, 2, -1, 2]",14.0
Lookahead,"[2, -1, -2, -1, -1, 2, 1, 2, 1, 2, 2, -1, -2, -1, -2, -1, 2, -1, -2, -1, -1, 2, 1, 2, 2, 1, 1, 1, 2, 1, 2, 1, -2, -2, -1]",13.0
Lookahead,"[-1, -1, -1, 2, 2, 1, -2, 1, 1, 1, 2, -1, -1, 2, 2, -1, 2, 1, 1, -2, -2, 1, 2, 2, 2, -1, 2, -1, -2, -1, -1, 2, 1, 2, 2]",14.0
Lookahead,"[-1, 2, 2, -1, -1, -2, 1, -2, -2, -2, -1, 2, -1, -1, 2, 2, 2, 1, 2, -1, -1, -2, -2, -2, -2, -1, -2, 1, 1, 1, -2, -2, -2, -2, 1]",11.0
Lookahead,"[1, 2, 2, 1, 1, -2, -1, -2, -2, -2, 1, 2, 1, 1, 2, 2, 2, -1, 2, 1, 1, -2, -2, -2, 1, 1, -2, -1, -1, -2, -2, -1, 2, -1, -2]",13.0
Lookahead,"[2, 2, 2, 1, 1, -2, -1, -2, -2, 1, -2, 1, 1, 1, -2, -2, -1, 2, -1, -2, -1, -2, 1, 1, -2, 1, 2, 1, 2, 2, 1, 2, -1, 2, 1]",19.0
Lookahead,"[1, 1, 1, -2, -2, -1, 2, -1, -1, -1, -2, 1, 1, -2, 1, 1, 1, 2, 2, 2, 1, -2, -2, -2, 1, -2, -1, -1, -1, -1, -2, -1, 2, -1, -1]",15.0
Lookahead,"[-2, -2, -2, -1, -1, 2, 1, 2, -1, -1, 2, 1, 1, 2, 2, -1, -2, -1, 2, -1, 2, 1, 1, 1, 1, 1, -2, -1, -2, 1, -2, -2, -2, 1, 2]",13.0
Lookahead,"[1, 1, 2, 1, 1, -2, -1, -2, -2, -1, -2, -1, -1, 2, -1, -2, -2, 1, -2, 1, -2, -1, -1, 2, -1, 2, -1, 2, 1, 2, 2, -1, -2, -1, 2]",17.0
Lookahead,"[2, 2, 1, 2, 2, -1, -2, -1, -2, -1, 2, 2, 1, 2, 1, 2, 1, -2, 1, 2, 1, 2, -1, -1, 2, -1, -1, -2, -2, -1, -1, 2, 1, 2, 2]",14.0
Lookahead,"[-1, -1, 2, -1, -1, -2, 1, -2, -2, -2, 1, 2, 2, 1, 1, 1, -2, -2, -1, 2, -1, -2, -2, 1, 1, 1, -2, -1, -1, -1, -1, -2, 1, 1, 1]",18.0
Lookahead,"[-1, -2, -2, 1, 1, -2, -1, -1, -2, -1, 2, 2, 2, 2, -1, -1, -2, 1, -2, -1, -2, -1, 2, 2, 2, -1, 2, 1, 1, 1, 2, 1, -2, 1, 1]",20.0
Lookahead,"[1, -2, -2, -1, -1, -2, 1, 1, -2, 1, 2, 2, 2, 2, 2, 1, -2, -2, 1, 2, 2, 1, -2, -2, -2, 1, 1, 2, -1, 2, 1, 2, -1, 2, -1]",19.0
Lookahead,"[2, 1, 1, 2, 2, -1, -2, -1, -1, -1, 2, 1, 2, 2, -1, 2, 1, 1, -2, 1, 1, -2, 1, -2, -2, -2, 1, 2, 2, 2, 2, 1, -2, 1, 2]",11.0
Lookahead,"[2, 2, 2, -1, -1, -2, 1, -2, -2, -2, -1, 2, 2, -1, -1, -2, -1, 2, 2, 1, 1, 2, -1, -1, -1, -1, -2, -2, 1, -2, -1, -2, 1, -2, -2]",14.0
Lookahead,"[2, 2, 1, 2, 2, -1, -2, -1, 2, -1, -2, -2, 1, -2, -1, -1, -2, 1, -2, -1, -2, -1, 2, 2, -1, -1, 2, 1, 1, 2, 1, 2, -1, 2, 1]",19.0
Lookahead,"[1, 2, 1, 2, 2, -1, -2, -1, -1, -1, 2, 2, 1, -2, 1, 2, 2, -1, 2, -1, -1, 2, 1, 1, 1, -2, 1, -2, -2, 1, 1, -2, -2, 1, -2]",17.0
Lookahead,"[-1, 2, -1, 2, 2, 1, -2, 1, 2, 1, 1, -2, -1, -2, -2, 1, 2, 1, -2, 1, 1, -2, -1, -1, -2, -1, -1, -1, -2, -1, -1, -2, 1, 1, -2]",12.0
Lookahead,"[-1, -2, -2, -1, -1, 2, 1, 2, 2, 2, -1, -2, -2, -1, 2, -1, -2, -1, -2, 1, 1, -2, -1, -1, -2, -1, -1, 2, 1, 2, 2, 2, 1, 2, 2]",15.0
Lookahead,"[-1, -2, -2, -1, -1, 2, 1, 2, -1, 2, 2, 1, -2, 1, 1, 1, -2, -2, -1, -2, 1, 1, 2, 2, 1, 1, 2, -1, -1, 2, 2, -1, -2, -1, 2]",15.0
Lookahead,"[-1, 2, 2, 1, 1, 2, -1, -1, 2, -1, -2, -2, -2, -1, -1, -2, 1, 1, -2, -1, -2, -1, 2, -1, -2, -1, 2, 2, 1, 2, 2, -1, -2, -1, -2]",20.0
Lookahead,"[1, 2, -1, 2, 2, 1, -2, 1, -2, -2, 1, 2, 2, 2, 1, 1, -2, -1, -2, 1, 1, -2, -1, -1, -2, 1, 1, 1, 1, -2, -2, 1, 2, 2, 1]",17.0
Lookahead,"[-1, -2, -2, -1, -1, 2, 1, 2, 2, -1, -1, -1, 2, -1, 2, 1, 1, -2, 1, 2, 1, 2, -1, -1, -1, -1, 2, 1, 1, 1, 2, 1, -2, 1, -2]",18.0
Lookahead,"[-2, -1, 2, -1, -1, -2, 1, -2, -2, 1, -2, 1, 2, 1, 1, 2, 2, -1, 2, 1, 1, -2, -2, -2, 1, -2, -2, -1, 2, -1, -1, -2, 1, -2, -1]",12.0
Lookahead,"[1, -2, -2, -1, -1, -2, 1, 1, -2, 1, 2, 2, 2, 1, 1, 2, -1, -1, 2, 1, 2, 1, -2, 1, 2, 1, -2, -2, -1, -2, -2, 1, 2, 1, -2]",20.0
Lookahead,"[2, 2, 2, 1, 1, -2, -1, -2, -2, -2, 1, 1, 2, 1, 2, 2, -1, 2, 1, 2, -1, -1, -1, -1, -1, -1, -2, -2, 1, -2, -2, -1, 2, -1, -1]",11.0
