Algoritme,Route,Stability
Lookahead,"[-2, -2, -2, 1, 1, 2, -1, 2, 1, 1, -2, -2, -2, -1, -1, -2, 1, 1, -2, -1, -1, -1, 2, 2, -1, -1, 2, 2, 1, 2, 2, -1, -2, -1, -2]",19.0
Lookahead,"[2, 2, 2, 1, 1, -2, -1, -2, 1, 1, -2, -2, -1, 2, -1, -2, -2, 1, -2, -1, -1, -2, 1, 1, 1, 1, -2, -1, -1, -1, -1, -2, 1, 1, -2]",19.0
Lookahead,"[-1, -2, 1, -2, -2, -1, 2, -1, -1, -1, 2, 1, 1, 2, -1, 2, 1, 2, -1, -1, -1, -2, 1, -2, -1, -2, -2, -1, -1, 2, 1, 2, -1, 2, 2]",18.0
Lookahead,"[1, 2, 2, 1, 1, -2, -1, -2, -2, -2, -2, -2, -2, -2, -1, -1, 2, 1, 2, -1, -1, 2, 1, 1, 2, 2, -1, -1, 2, 2, 1, 2, -1, -1, 2]",16.0
Lookahead,"[2, -1, -2, -1, -1, 2, 1, 2, 2, 2, 1, -2, -2, 1, 2, 1, -2, -2, 1, 2, 1, 2, -1, 2, 1, 2, -1, -1, -2, -1, 2, -1, 2, -1, -2]",19.0
Lookahead,"[-1, 2, -1, 2, 2, 1, -2, 1, 1, 1, -2, -2, -2, -1, -2, -2, 1, 2, 1, -2, 1, -2, -1, -1, -2, -1, -1, 2, 2, 2, 2, -1, -2, -1, -1]",18.0
Lookahead,"[2, 2, 2, -1, -1, -2, 1, -2, -2, -2, -1, -1, 2, 1, 2, -1, -1, -2, -1, -1, -1, 2, 1, 1, 2, 2, 2, -1, -2, -2, -1, -1, 2, -1, -1]",17.0
Lookahead,"[1, 1, 1, -2, -2, -1, 2, -1, -2, -2, -1, -1, 2, 1, 2, -1, -1, -2, -2, -1, -1, 2, 1, 2, 2, 2, 2, 1, 1, 1, 1, -2, 1, 1, 1]",17.0
Lookahead,"[1, 1, 1, -2, -2, -1, 2, -1, -1, -1, 2, 2, 1, 2, 2, 1, -2, -2, 1, 2, 2, 1, -2, -2, 1, 1, 1, -2, -2, -1, 2, -1, -2, -2, 1]",19.0
Lookahead,"[-2, -1, -1, -2, -2, 1, 2, 1, 1, 1, -2, -2, -1, -2, -2, -1, 2, 2, -1, -1, -1, -2, 1, 1, -2, -1, -2, 1, 1, 1, -2, 1, 2, 1, -2]",18.0
Lookahead,"[1, 1, 2, 1, 1, -2, -1, -2, -2, -2, -1, 2, 2, -1, -1, -2, -1, 2, 2, -1, -1, -2, 1, -2, -2, -2, 1, 2, 1, -2, 1, -2, -1, -2, -2]",18.0
Lookahead,"[1, -2, 1, -2, -2, -1, 2, -1, -1, -1, 2, 2, 2, 1, 2, 2, -1, -2, -1, 2, 2, -1, -2, -2, -2, -1, -1, 2, 1, 2, -1, 2, 1, 2, 1]",18.0
Lookahead,"[-2, -2, -2, 1, 1, 2, -1, 2, 2, 2, 1, 1, -2, 1, -2, -2, -2, -1, -2, 1, 1, -2, -1, -1, -1, -1, -2, 1, 1, 1, 1, -2, -1, -1, -1]",12.0
Lookahead,"[-2, -2, 1, -2, -2, -1, 2, -1, -1, -1, 2, 1, 1, 2, 2, -1, -2, -1, 2, 2, 2, 1, -2, 1, 1, 1, 2, -1, -1, 2, 2, 1, -2, 1, 1]",19.0
Lookahead,"[2, 2, 2, 1, 1, -2, -1, -2, -2, -2, 1, 1, 2, 1, 1, 2, -1, -1, 2, 2, 2, 1, -2, -2, 1, 1, 1, -2, -1, -2, -2, 1, 2, 1, -2]",18.0
Lookahead,"[1, 1, 1, -2, -2, -1, 2, -1, -2, -2, -1, -1, 2, 1, 2, -1, -1, -2, -2, -1, -1, 2, 1, 2, 2, 2, -1, -2, -2, -1, 2, -1, -2, -1, -2]",18.0
Lookahead,"[2, 2, 2, 1, 1, -2, -1, -2, 1, 1, 2, 2, 2, -1, -1, 2, 1, 1, 2, -1, -1, -1, -2, -2, -1, -1, -2, 1, -2, -1, -2, -1, 2, 2, -1]",19.0
Lookahead,"[2, 1, -2, 1, 1, 2, -1, 2, 2, 2, -1, -2, -2, -1, -1, 2, 1, 2, -1, -1, -1, -2, 1, -2, -2, -2, -1, 2, 2, -1, -2, -1, 2, 2, 2]",19.0
Lookahead,"[2, -1, 2, -1, -1, -2, 1, -2, -2, -2, -2, 1, 2, 2, 1, 1, -2, -1, -2, 1, -2, 1, 2, 2, 1, 1, 2, -1, -1, 2, 2, 1, -2, 1, 1]",18.0
Lookahead,"[-2, -2, -2, -1, -1, 2, 1, 2, -1, -1, 2, 2, 1, -2, 1, 2, 2, -1, -1, 2, 2, 1, -2, 1, 2, 2, 1, -2, -2, -2, -2, 1, 2, 1, 2]",19.0
Lookahead,"[1, 1, -2, 1, 1, 2, -1, 2, 2, 2, -1, -2, -2, -1, 2, -1, -2, -1, 2, 2, 2, 1, -2, 1, 2, 1, 2, 2, -1, 2, 2, -1, -2, -2, -2]",18.0
Lookahead,"[-1, -1, -1, 2, 2, 1, -2, 1, 2, 2, 2, 2, 2, -1, -1, 2, 1, 1, 2, 1, 1, -2, -1, -2, 1, 1, -2, -1, -1, -2, -2, 1, 2, 1, -2]",17.0
Lookahead,"[-2, -1, -1, -2, -2, 1, 2, 1, 1, 1, -2, -2, -1, 2, -1, -2, -2, 1, -2, -1, -2, -1, 2, 2, -1, 2, -1, 2, 2, 2, 2, -1, -2, -1, 2]",19.0
Lookahead,"[2, 1, 1, 2, 2, -1, -2, -1, 2, 2, -1, -1, -2, 1, -2, -2, -1, 2, -1, -2, -1, 2, 2, 1, 2, 2, 2, -1, -1, 2, -1, 2, 1, 1, -2]",17.0
Lookahead,"[-1, 2, 1, 2, 2, -1, -2, -1, 2, -1, -2, -2, 1, -2, -2, -2, -2, -1, 2, -1, -1, 2, 1, 1, 2, -1, -1, -1, -2, -2, -2, 1, 1, -2, 1]",18.0
Lookahead,"[-2, -2, -2, -1, -1, 2, 1, 2, -1, -1, -1, 2, 1, 2, 2, 1, -2, -2, 1, 2, 1, 2, -1, 2, 1, 2, -1, -1, -2, -1, 2, -1, -2, -2, -2]",20.0
Lookahead,"[-2, 1, 1, -2, -2, -1, 2, -1, -1, -1, -2, -2, 1, -2, -2, 1, 2, 2, 1, -2, 1, -2, -1, -2, 1, -2, -1, -1, 2, -1, -1, -2, 1, -2, 1]",19.0
Lookahead,"[-2, -1, 2, -1, -1, -2, 1, -2, -2, -2, 1, 2, 2, 1, 1, -2, -1, -2, -2, -1, -1, -2, 1, 1, 1, 1, 2, -1, 2, 1, 1, 2, -1, 2, 2]",19.0
Lookahead,"[-1, -1, -2, -1, -1, 2, 1, 2, 2, 2, 1, -2, -2, 1, 1, 2, -1, 2, 1, 1, 1, -2, -1, -2, -2, -2, -2, -1, -1, -1, -2, -1, 2, -1, -2]",20.0
Lookahead,"[2, -1, 2, -1, -1, -2, 1, -2, -2, -2, -2, -1, 2, 2, 2, -1, -2, -2, -1, 2, -1, 2, 1, 2, 2, 2, 1, 1, 1, 1, 1, 2, -1, -1, -1]",19.0
Lookahead,"[-1, -1, -1, -2, -2, 1, 2, 1, -2, -2, 1, 1, 2, -1, 2, 1, 1, -2, -2, 1, 1, 2, -1, 2, 2, 2, 1, -2, -2, 1, -2, 1, 2, 1, 2]",18.0
Lookahead,"[2, -1, -2, -1, -1, 2, 1, 2, -1, 2, 1, 1, -2, 1, 1, 1, 2, -1, -1, 2, 2, 1, -2, 1, 2, 2, 1, -2, -2, -2, 1, -2, -1, -2, -2]",21.0
Lookahead,"[1, -2, -2, 1, 1, 2, -1, 2, 2, 2, 2, 1, -2, 1, 1, -2, -1, -1, -2, 1, 1, 1, 2, 2, 2, 2, 1, -2, -2, -2, 1, -2, -1, -2, 1]",19.0
Lookahead,"[-2, -2, -2, -1, -1, 2, 1, 2, -1, -1, 2, 2, 1, 2, 2, 1, -2, -2, 1, 2, 1, 2, -1, 2, 2, 2, -1, -2, -2, -1, 2, -1, -2, -2, -1]",19.0
Lookahead,"[1, 1, -2, 1, 1, 2, -1, 2, 2, 2, -1, -2, -2, -1, -1, -1, 2, 1, 1, 2, 2, -1, -2, -1, -1, -1, -2, 1, -2, -1, -2, -1, 2, -1, 2]",19.0
Lookahead,"[-1, 2, 2, -1, -1, -2, 1, -2, -1, -2, -2, -1, -1, -2, -1, 2, 2, 1, 2, 2, 2, -1, -2, -2, -1, -1, -2, 1, -2, -2, -1, -2, 1, -2, -1]",18.0
Lookahead,"[-2, -1, -2, -1, -1, 2, 1, 2, -1, 2, 2, 2, 1, 1, 1, -2, -1, -1, -2, 1, 1, 1, 2, 2, 1, 1, 2, -1, -1, -1, 2, -1, -2, -1, -1]",20.0
Lookahead,"[2, 2, 1, 2, 2, -1, -2, -1, -1, -1, -2, 1, 1, -2, -2, -2, -2, -1, 2, 2, 2, -1, -2, -2, -1, -2, -2, 1, 1, 1, 1, -2, -1, -1, -2]",19.0
Lookahead,"[-2, 1, 1, -2, -2, -1, 2, -1, -1, -1, -2, -2, 1, -2, 1, 1, 1, 2, 1, -2, 1, -2, -1, -1, -2, -2, -1, 2, 2, -1, -2, -1, 2, -1, -1]",14.0
Lookahead,"[2, 2, 2, -1, -1, -2, 1, -2, -2, -2, -1, -1, 2, -1, -1, 2, 1, 1, 2, 2, 2, -1, -2, -2, -1, -1, -1, -2, 1, -2, -2, -1, 2, -1, -1]",18.0
Lookahead,"[2, 2, 2, 1, 1, -2, -1, -2, -2, -2, 1, 1, 2, -1, 2, 1, 1, -2, -2, 1, 1, 2, -1, 2, 2, 2, 2, -1, -1, -1, 2, -1, -2, -1, 2]",18.0
Lookahead,"[-1, -1, -2, -1, -1, 2, 1, 2, -1, 2, 1, 1, -2, 1, 1, 2, 2, 1, -2, 1, 1, -2, -1, -1, -2, -2, -1, -1, -2, -1, -2, -1, 2, -1, -2]",19.0
Lookahead,"[-1, -2, -1, -2, -2, 1, 2, 1, -2, -2, 1, 1, 2, 1, 1, 2, -1, -1, 2, 2, 2, 1, -2, -2, 1, 2, 1, -2, -2, -2, -2, 1, 2, 1, 1]",18.0
Lookahead,"[-2, -1, -1, -2, -2, 1, 2, 1, 1, 1, -2, -2, -1, 2, -1, -2, -2, 1, -2, -1, -1, -2, 1, 1, 1, 1, -2, -1, -1, -1, -2, -1, 2, -1, -2]",19.0
Lookahead,"[1, 1, 2, 1, 1, -2, -1, -2, -2, -2, -1, 2, 2, -1, -2, -1, -1, -2, 1, -2, -2, -1, 2, -1, -2, -1, 2, 2, 1, 2, -1, 2, 1, 1, 2]",19.0
Lookahead,"[-2, -2, -2, -1, -1, 2, 1, 2, -1, -1, -2, -2, -2, 1, 1, -2, -1, -1, -2, 1, 1, 1, 2, 2, 1, 1, 2, 2, -1, 2, 1, 2, -1, 2, 1]",19.0
Lookahead,"[-1, -2, -1, -2, -2, 1, 2, 1, 1, 1, 1, -2, -1, -1, -1, -2, 1, 1, -2, -1, -2, -1, 2, -1, -1, -1, 2, 2, 2, 2, 2, -1, -2, -1, -2]",19.0
Lookahead,"[-1, -1, -1, -2, -2, 1, 2, 1, -2, -2, 1, 1, 2, -1, 2, 1, 1, -2, 1, 2, 1, 2, -1, -1, 2, -1, -1, -1, -1, -1, -1, -2, -2, -2, -2]",19.0
Lookahead,"[-2, 1, -2, 1, 1, 2, -1, 2, 1, 1, 2, -1, -1, -1, 2, 2, 1, -2, 1, 2, 2, 1, -2, -2, 1, 1, 1, 2, 1, 1, 1, 2, -1, -1, -1]",17.0
Lookahead,"[2, -1, -2, -1, -1, 2, 1, 2, 2, 2, 1, -2, -2, 1, 2, 1, -2, 1, 2, 2, 2, -1, -2, -1, 2, -1, 2, 1, 2, -1, -1, 2, 1, 2, 2]",18.0
Lookahead,"[1, -2, 1, -2, -2, -1, 2, -1, -1, -1, -1, -1, 2, -1, 2, 1, 1, -2, 1, 2, 2, -1, -1, -1, -1, -1, 2, 1, 1, 1, 1, 2, -1, 2, 2]",18.0
Lookahead,"[2, 2, -1, 2, 2, 1, -2, 1, 2, 1, -2, -2, -1, -2, -2, -2, -2, 1, 2, 1, 1, 2, -1, -1, 2, 1, 1, 1, -2, -2, -2, -1, -1, -2, -2]",18.0
Lookahead,"[-2, 1, 2, 1, 1, -2, -1, -2, 1, -2, -1, -1, 2, -1, -2, -1, 2, -1, -2, -2, -2, 1, 2, 1, 1, 1, -2, -1, -1, -2, 1, -2, -1, -2, -2]",19.0
Lookahead,"[2, 2, -1, 2, 2, 1, -2, 1, 2, 1, -2, -2, -1, -2, -2, 1, 2, 1, -2, -2, -2, -1, 2, -1, -2, -1, -1, 2, 2, 2, -1, 2, 2, -1, 2]",19.0
Lookahead,"[-1, -1, -2, -1, -1, 2, 1, 2, 2, 2, 1, -2, -2, 1, 2, 1, -2, 1, 1, 1, 2, -1, -1, 2, 2, 2, -1, -2, -2, -1, 2, -1, 2, 2, -1]",18.0
Lookahead,"[-1, -2, 1, -2, -2, -1, 2, -1, -1, -1, 2, 1, 1, 2, -1, 2, 1, 1, 2, 2, 2, -1, -2, -2, -1, 2, -1, -2, -2, -2, -1, -2, -2, -1, 2]",18.0
Lookahead,"[1, -2, -1, -2, -2, 1, 2, 1, -2, 1, 2, 2, -1, 2, 1, 2, 2, -1, -2, -1, -1, 2, 1, 2, 2, 2, 1, -2, -2, 1, 1, 2, -1, 2, 1]",20.0
Lookahead,"[-1, 2, 2, -1, -1, -2, 1, -2, -1, -2, -2, -1, -2, -2, -2, 1, 2, 2, 1, -2, 1, -2, -1, -2, -2, -2, -1, 2, 2, -1, -2, -1, 2, -1, 2]",19.0
Lookahead,"[2, -1, -1, 2, 2, 1, -2, 1, 2, 1, 1, -2, -1, -2, 1, -2, 1, 2, 2, 1, 1, -2, -1, -2, -2, -2, -1, 2, -1, -2, -1, -2, 1, -2, -2]",13.0
Lookahead,"[-1, -2, 1, -2, -2, -1, 2, -1, -1, -1, 2, 1, 1, 2, 2, -1, 2, 1, 2, 1, 1, -2, -1, -2, 1, 1, -2, -2, -2, -2, 1, -2, -1, -2, -2]",18.0
Lookahead,"[1, 2, 2, 1, 1, -2, -1, -2, -2, -2, -2, -1, -1, -2, -2, -1, 2, 2, -1, -2, -2, -2, 1, 1, 1, 1, -2, -1, -1, -1, -1, -2, 1, 1, -2]",18.0
Lookahead,"[-1, -2, -1, -2, -2, 1, 2, 1, -2, -2, 1, 1, 2, 1, 1, 2, -1, -1, -1, 2, 2, 1, -2, 1, 2, 2, 1, -2, -2, 1, 1, -2, -1, -2, -2]",20.0
Lookahead,"[-1, 2, 2, -1, -1, -2, 1, -2, -2, -2, -1, -1, 2, -1, 2, 2, 2, 1, 2, -1, -1, -2, -2, -2, -1, -1, -2, 1, 1, -2, -1, -2, 1, 1, 2]",12.0
Lookahead,"[-2, -2, -1, -2, -2, 1, 2, 1, 1, 1, 2, -1, -1, 2, 1, 2, 1, -2, 1, 2, 2, 1, -2, -2, -2, 1, 1, 2, -1, 2, 2, 1, -2, 1, 2]",19.0
Lookahead,"[-1, -2, -2, -1, -1, 2, 1, 2, 2, 2, -1, -1, -2, 1, -2, -1, -1, 2, -1, -1, -1, -2, 1, 1, -2, -2, -2, -1, -2, -2, -1, -2, 1, -2, -1]",17.0
Lookahead,"[2, 2, -1, 2, 2, 1, -2, 1, 2, 1, -2, -2, -1, -2, 1, -2, -1, -2, 1, 1, 1, 2, -1, 2, 2, 2, 1, -2, -2, 1, -2, 1, 2, 1, 1]",19.0
Lookahead,"[2, 2, 1, 2, 2, -1, -2, -1, -1, -1, -2, 1, 1, -2, -2, -2, -1, 2, 2, -1, -1, -2, 1, -2, -2, -2, -2, 1, 2, 1, 1, -2, -1, -2, -2]",18.0
Lookahead,"[-2, -2, -2, -1, -1, 2, 1, 2, -1, -1, 2, 2, 1, -2, 1, 2, 2, -1, 2, 1, 2, 1, -2, -2, 1, -2, -2, -2, -2, -2, 1, -2, -1, -1, -2]",19.0
Lookahead,"[2, -1, -1, 2, 2, 1, -2, 1, 1, 1, 2, 2, -1, 2, 2, -1, -2, -2, -1, -1, -1, 2, 1, 1, 2, 2, 2, 1, -2, 1, 2, 1, -2, 1, 1]",18.0
Lookahead,"[1, 1, -2, 1, 1, 2, -1, 2, 1, 2, -1, -1, -2, -1, -1, 2, 1, 2, 2, 2, 2, -1, -2, -2, -1, -2, -1, -2, 1, -2, -1, -2, 1, -2, -1]",18.0
Lookahead,"[-1, -1, -1, 2, 2, 1, -2, 1, 1, 1, 2, 2, -1, 2, -1, -1, -1, -2, -1, -2, -1, -2, 1, -2, -2, -2, 1, 2, 1, -2, 1, -2, -1, -2, -2]",11.0
Lookahead,"[1, 2, 2, 1, 1, -2, -1, -2, 1, -2, -2, -1, 2, -1, -2, -1, 2, -1, -2, -2, -2, 1, 2, 1, 1, 1, -2, -1, -1, -2, -2, 1, 2, 1, 1]",14.0
Lookahead,"[2, 2, -1, 2, 2, 1, -2, 1, 1, 1, -2, -1, -1, -2, -2, -2, -2, 1, 2, 1, 1, 2, -1, -1, 2, 1, 1, 2, 2, 2, 2, -1, -2, -1, -1]",17.0
Lookahead,"[-1, -1, -1, -2, -2, 1, 2, 1, -2, -2, 1, 1, 2, -1, 2, 1, 1, -2, 1, 2, 1, 2, -1, -1, 2, -1, -1, -1, -1, -1, -1, 2, 1, 2, 1]",19.0
Lookahead,"[-2, -2, -2, 1, 1, 2, -1, 2, 2, 2, 1, 1, -2, 1, -2, -2, -2, -1, -2, 1, 1, 2, 2, 2, 1, 1, 2, -1, -1, 2, -1, 2, 1, 1, 2]",12.0
Lookahead,"[-2, 1, 2, 1, 1, -2, -1, -2, -2, -2, -1, 2, 2, -1, -2, -2, -1, 2, 2, -1, -1, -2, 1, -2, -1, -2, -2, 1, 2, 1, -2, 1, 2, 1, -2]",21.0
Lookahead,"[-2, 1, 1, -2, -2, -1, 2, -1, -1, -1, -2, -2, 1, 2, 1, -2, -2, -1, -1, -2, -2, 1, 2, 1, 1, 1, -2, -1, -1, -2, -1, -2, 1, -2, -1]",18.0
Lookahead,"[2, -1, 2, -1, -1, -2, 1, -2, -2, -2, 1, -2, 1, 1, 1, 2, -1, -1, 2, 1, 1, 1, -2, -2, 1, -2, -2, -1, 2, -1, -2, -1, 2, -1, -2]",19.0
Lookahead,"[1, 2, -1, 2, 2, 1, -2, 1, 2, 1, -2, -2, -1, -2, -2, -2, -2, 1, 2, 1, 1, 2, -1, -1, 2, 1, 1, 2, 1, 2, 1, 2, -1, 2, 1]",17.0
Lookahead,"[1, 2, 1, 2, 2, -1, -2, -1, -1, -1, -2, -2, -2, -2, -2, -1, 2, 2, -1, -2, -1, -2, 1, -2, -2, -2, 1, 2, 2, 1, 1, -2, -1, -2, -2]",19.0
Lookahead,"[1, -2, -2, 1, 1, 2, -1, 2, 2, 2, 1, 1, -2, 1, -2, -2, -2, -1, -2, -1, -2, -1, 2, -1, -2, -1, -1, 2, 1, 2, 2, -1, -2, -1, -1]",12.0
Lookahead,"[1, 1, 1, -2, -2, -1, 2, -1, -2, -2, -1, -1, 2, 1, 2, -1, -1, -2, -1, 2, -1, 2, 1, 1, 2, 1, 1, 1, 1, 1, 2, 1, -2, 1, 2]",19.0
Lookahead,"[-1, 2, 2, -1, -1, -2, 1, -2, -1, -2, -1, -2, 1, 1, 1, -2, -1, -1, -2, 1, -2, 1, 2, 1, 1, 1, 2, -1, -1, 2, 1, 2, -1, -1, -1]",19.0
Lookahead,"[1, -2, 1, -2, -2, -1, 2, -1, -2, -2, -1, -1, 2, -1, 2, 2, 1, -2, 1, 2, 2, -1, -1, -1, -1, -1, -2, 1, 1, -2, -1, -2, 1, -2, 1]",20.0
Lookahead,"[-2, -2, -2, 1, 1, 2, -1, 2, 1, 1, 2, 2, -1, 2, 2, -1, -2, -2, -1, 2, 2, 2, 1, 1, 1, 2, 2, -1, -2, -1, 2, -1, -2, -1, -2]",18.0
Lookahead,"[-1, -2, -2, -1, -1, 2, 1, 2, -1, -1, 2, 1, 1, 2, 2, 1, -2, -2, 1, 2, 2, 2, -1, -1, -1, 2, 2, 1, -2, 1, 1, 2, -1, 2, 2]",19.0
Lookahead,"[-2, 1, 1, -2, -2, -1, 2, -1, -2, -1, -1, -2, 1, 1, 1, -2, -1, -1, -2, 1, 1, 1, 2, 2, 1, 1, 2, 2, -1, 2, 2, 1, -2, 1, 1]",18.0
Lookahead,"[2, 1, 1, 2, 2, -1, -2, -1, -1, -1, 2, 2, 1, 2, 1, 1, 1, -2, 1, -2, 1, -2, -1, -2, 1, 1, -2, -1, -1, -1, -1, -2, 1, 1, -2]",12.0
Lookahead,"[2, 1, -2, 1, 1, 2, -1, 2, 2, 2, -1, -2, -2, -1, -1, -1, -1, -2, -2, -2, 1, 2, 2, 1, -2, -2, -2, -1, -1, -1, -1, 2, 1, 2, 2]",18.0
Lookahead,"[-2, 1, 2, 1, 1, -2, -1, -2, 1, -2, -1, -1, 2, -1, -1, -1, -1, 2, 1, 2, -1, -1, -2, -2, -2, -2, -1, 2, 2, 2, 2, -1, -2, -1, -1]",18.0
Lookahead,"[2, 2, 1, 2, 2, -1, -2, -1, -1, -1, -2, 1, 1, -2, -1, -1, -2, -2, -1, 2, -1, 2, 1, 2, -1, -1, 2, 1, 1, 2, 1, 2, -1, -1, -1]",17.0
Lookahead,"[2, 1, 2, 1, 1, -2, -1, -2, -2, -2, -2, -1, 2, 2, -1, -1, -2, 1, -2, -2, -2, -1, 2, 2, -1, -1, 2, 1, 2, -1, 2, 1, 1, 2, 2]",17.0
Lookahead,"[-1, -1, -2, -1, -1, 2, 1, 2, 2, 2, 1, -2, -2, 1, 2, 1, 2, -1, 2, 1, 1, 2, -1, -1, -1, -1, 2, 1, 1, 1, 1, 2, -1, -1, 2]",19.0
Lookahead,"[2, 1, 2, 1, 1, -2, -1, -2, 1, 1, -2, -2, -1, -1, -1, -2, 1, 1, -2, -1, -1, -1, 2, 2, -1, 2, 2, 2, 2, 1, 2, 1, 1, 2, 1]",17.0
Lookahead,"[-1, 2, 2, -1, -1, -2, 1, -2, -1, -2, -2, -1, -1, -2, -1, -1, 2, 1, 2, 1, 2, -1, -1, -2, -1, -2, -2, -2, 1, 1, -2, 1, 2, 1, 1]",19.0
Lookahead,"[-1, -2, -1, -2, -2, 1, 2, 1, 1, 1, 2, 1, 2, 2, 2, 1, -2, -2, 1, 1, 1, 2, -1, -1, 2, 1, 2, -1, -1, -1, -1, -2, -2, -1, -2]",18.0
Lookahead,"[-1, 2, 2, -1, -1, -2, 1, -2, -2, -2, -1, -1, 2, -1, -1, 2, 1, 1, 2, 2, 2, -1, -2, -2, -1, -1, -1, -2, 1, -2, -1, -2, 1, 1, -2]",18.0
Lookahead,"[-2, -1, -1, -2, -2, 1, 2, 1, -2, -2, 1, 1, 2, -1, 2, 2, 1, -2, 1, 1, 1, 2, -1, -1, 2, 2, -1, -2, -1, 2, -1, -1, -2, -1, -1]",18.0
Lookahead,"[-2, -1, -1, -2, -2, 1, 2, 1, -2, 1, 1, 1, 2, 2, 2, -1, -2, -2, -1, 2, 2, 2, 1, 1, 2, 1, -2, -2, -2, -2, -2, 1, 2, 2, 1]",19.0
Lookahead,"[2, -1, 2, -1, -1, -2, 1, -2, -2, -2, 1, -2, 1, 2, 2, 1, -2, -2, 1, 2, 1, 2, -1, 2, 2, 2, 1, -2, -2, 1, 1, -2, -1, -2, 1]",17.0
Lookahead,"[2, -1, -2, -1, -1, 2, 1, 2, 2, 2, 1, -2, -2, 1, 2, 1, 1, -2, -1, -2, -2, 1, 2, 1, 1, 1, 2, -1, -1, 2, 2, -1, -1, 2, -1]",20.0
Lookahead,"[-2, 1, -2, 1, 1, 2, -1, 2, 1, 1, 2, -1, -1, 2, 2, -1, -2, -2, -1, 2, 2, 2, 1, 1, 2, 1, 1, -2, -1, -2, -2, 1, 2, 1, -2]",19.0
